110  1.20   7.93  52.43
110  1.20   7.81  50.91
111  1.20   7.69  49.47
112  1.20   7.58  48.09
112  1.20   7.35  45.23
112  1.20   7.13  42.55
113  1.20   6.92  40.05
114  1.20   6.71  37.71
114  1.20   6.52  35.51
114  1.20   6.32  33.45
115  1.20   6.14  31.53
116  1.20   5.96  29.73
116  1.20   5.79  28.05
116  1.20   5.62  26.45
117  1.20   5.46  24.97
118  1.20   5.31  23.58
118  1.20   5.16  22.28
118  1.20   5.09  21.60
119  1.19   4.92  20.43
120  1.18   4.85  19.84
120  1.17   4.69  18.75
120  0.94   3.98  16.80
121  0.74   3.40  15.61
122  0.70   3.28  15.23
122  0.64   3.04  14.49
122  0.59   2.85  13.79
123  0.53   2.62  12.82
124  0.51   2.48  12.22
124  0.48   2.36  11.67
124  0.46   2.25  11.16
125  0.43   2.15  10.66
126  0.42   2.10  10.45
126  0.40   2.01   9.98
126  0.39   1.92   9.55
127  0.36   1.79   8.96
128  0.35   1.76   8.80
128  0.34   1.69   8.46
128  0.32   1.62   8.17
129  0.30   1.54   7.76
130  0.29   1.48   7.50
130  0.29   1.46   7.36
130  0.28   1.41   7.13
131  0.27   1.36   6.91
132  0.25   1.29   6.58
132  0.24   1.24   6.37
132  0.23   1.20   6.17
133  0.23   1.16   5.99
134  0.22   1.12   5.81
134  0.21   1.09   5.64
134  0.20   1.06   5.48
135  0.20   1.04   5.41
136  0.20   1.01   5.27
136  0.19   0.99   5.13
136  0.19   0.96   5.00
137  0.18   0.94   4.88
138  0.18   0.92   4.76
138  0.18   0.91   4.64
138  0.17   0.89   4.52
139  0.17   0.87   4.42
140  0.18   0.89   4.47
140  0.16   0.82   4.21
140  0.16   0.81   4.11
141  0.16   0.79   4.02
142  0.16   0.79   4.00
142  0.16   0.79   3.94
142  0.16   0.78   3.89
143  0.16   0.78   3.84
144  0.16   0.78   3.80
144  0.16   0.78   3.76
144  0.16   0.77   3.73
145  0.16   0.77   3.70
146  0.16   0.76   3.67
146  0.16   0.75   3.65
146  0.15   0.74   3.63
147  0.15   0.73   3.61
148  0.15   0.72   3.60
148  0.14   0.72   3.59
148  0.14   0.71   3.59
149  0.14   0.71   3.59
150  0.14   0.71   3.60
150  0.14   0.71   3.61
150  0.14   0.72   3.63
151  0.14   0.72   3.66
152  0.14   0.73   3.70
152  0.14   0.73   3.74
152  0.15   0.74   3.80
153  0.15   0.75   3.86
154  0.15   0.77   3.93
154  0.15   0.78   4.02
154  0.16   0.80   4.12
155  0.16   0.81   4.17
156  0.16   0.84   4.29
156  0.17   0.86   4.43
156  0.17   0.89   4.58
157  0.18   0.93   4.78
158  0.19   0.98   5.02
158  0.21   1.07   5.48
158  0.23   1.15   5.88
159  0.25   1.25   6.37
160  0.26   1.31   6.64
160  0.28   1.44   7.30
162  0.46   2.33  11.84
164  0.61   3.04  15.04
166  0.68   3.26  15.69
168  0.68   3.26  15.69
170  0.65   3.17  15.45
172  0.56   2.83  14.34
174  0.49   2.52  12.93
176  0.42   2.18  11.21
178  0.34   1.79   9.26
180  0.26   1.36   7.09
182  0.18   0.93   4.82
184  0.13   0.65   3.41
186  0.10   0.50   2.50
188  0.10   0.49   2.31
190  0.11   0.49   2.28
192  0.11   0.50   2.33
194  0.11   0.49   2.24
196  0.11   0.49   2.19
198  0.11   0.49   2.16
200  0.11   0.48   2.15
202  0.11   0.48   2.14
204  0.10   0.47   2.14
206  0.10   0.47   2.15
208  0.10   0.47   2.15
210  0.10   0.47   2.16
212  0.10   0.47   2.17
214  0.10   0.48   2.18
216  0.11   0.48   2.19
218  0.11   0.48   2.21
220  0.11   0.49   2.22
222  0.11   0.49   2.23
224  0.11   0.50   2.25
226  0.12   0.51   2.26
228  0.12   0.52   2.28
230  0.12   0.53   2.30
232  0.13   0.54   2.31
234  0.13   0.56   2.33
236  0.14   0.57   2.35
238  0.14   0.58   2.37
240  0.14   0.58   2.38
242  0.14   0.58   2.40
244  0.14   0.57   2.42
246  0.13   0.57   2.43
248  0.13   0.56   2.45
250  0.13   0.56   2.47
252  0.13   0.56   2.49
254  0.13   0.57   2.50
256  0.13   0.57   2.51
258  0.13   0.58   2.53
260  0.13   0.59   2.54
262  0.14   0.59   2.56
264  0.14   0.59   2.57
266  0.14   0.60   2.59
268  0.14   0.60   2.60
270  0.14   0.60   2.62
272  0.14   0.61   2.65
274  0.15   0.64   2.71
276  0.16   0.66   2.74
278  0.16   0.67   2.77
280  0.16   0.68   2.81
282  0.16   0.68   2.85
284  0.16   0.69   2.87
286  0.16   0.68   2.89
288  0.16   0.68   2.92
290  0.16   0.68   2.94
295  0.15   0.68   2.95
300  0.16   0.69   3.00
305  0.18   0.74   3.10
310  0.20   0.81   3.19
315  0.20   0.81   3.20
320  0.20   0.81   3.22
325  0.20   0.80   3.21
330  0.20   0.80   3.22
335  0.19   0.78   3.22
340  0.17   0.74   3.16
345  0.17   0.73   3.14
350  0.17   0.72   3.16
360  0.16   0.72   3.13
370  0.16   0.72   3.16
380  0.17   0.74   3.24
390  0.18   0.81   3.60
400  0.19   0.84   3.72
420  0.22   0.99   4.51
440  0.27   1.19   5.33
460  0.33   1.45   6.35
480  0.39   1.71   7.56
500  0.45   2.01   9.02
520  0.52   2.37  10.82
540  0.61   2.83  13.05
560  0.73   3.38  15.70
580  0.86   4.03  18.83
600  1.02   4.81  22.58
