110
110.5
111
111.5
112
112.5
113
113.5
114
114.5
115
115.5
116
116.5
117
117.5
118
118.5
119
119.5
120
120.5
121
121.5
122
122.5
123
123.5
124
124.5
125
125.5
126
126.5
127
127.5
128
128.5
129
129.5
130
130.5
131
131.5
132
132.5
133
133.5
134
134.5
135
135.5
136
136.5
137
137.5
138
138.5
139
139.5
140
140.5
141
141.5
142
142.5
143
143.5
144
144.5
145
145.5
146
146.5
147
147.5
148
148.5
149
149.5
150
151
152
153
154
155
156
157
158
159
160
162
164
166
168
170
172
174
176
178
180
182
184
186
188
190
192
194
196
198
200
202
204
206
208
210
212
214
216
218
220
222
224
226
228
230
232
234
236
238
240
242
244
246
248
250
252
254
256
258
260
262
264
266
268
270
272
274
276
278
280
282
284
286
288
290
295
300
305
310
315
320
325
330
335
340
345
350
360
370
380
390
400
420
440
460
480
500
520
540
560
580
600
