80.0  2.341  3.3  -3.3  1.0  -1.0  2.3  -2.3
81.0  2.258  3.2  -3.2  0.9  -0.9  2.3  -2.3
82.0  2.179  3.2  -3.2  0.9  -0.9  2.3  -2.3
83.0  2.104  3.2  -3.2  0.9  -0.9  2.3  -2.3
84.0  2.031  3.2  -3.2  0.9  -0.9  2.3  -2.3
85.0  1.963  3.2  -3.2  0.9  -0.9  2.3  -2.3
86.0  1.896  3.2  -3.2  0.9  -0.9  2.3  -2.3
87.0  1.831  3.3  -3.3  1.0  -1.0  2.3  -2.3
88.0  1.77  3.3  -3.3  1.0  -1.0  2.3  -2.3
89.0  1.711  3.3  -3.3  1.0  -1.0  2.3  -2.3
90.0  1.654  3.2  -3.2  1.0  -1.0  2.2  -2.2
91.0  1.6  3.3  -3.3  1.0  -1.0  2.3  -2.3
92.0  1.548  3.3  -3.3  1.0  -1.0  2.3  -2.3
93.0  1.498  3.3  -3.3  1.0  -1.0  2.3  -2.3
94.0  1.45  3.3  -3.3  1.0  -1.0  2.3  -2.3
95.0  1.404  3.2  -3.2  0.9  -0.9  2.3  -2.3
96.0  1.359  3.2  -3.2  0.9  -0.9  2.3  -2.3
97.0  1.315  3.2  -3.2  0.9  -0.9  2.3  -2.3
98.0  1.274  3.2  -3.2  0.9  -0.9  2.3  -2.3
99.0  1.234  3.2  -3.2  0.9  -0.9  2.3  -2.3
100.0  1.195  3.2  -3.2  0.9  -0.9  2.3  -2.3
101.0  1.159  3.2  -3.2  0.9  -0.9  2.3  -2.3
102.0  1.125  3.3  -3.3  0.9  -0.9  2.4  -2.4
103.0  1.091  3.3  -3.3  0.9  -0.9  2.4  -2.4
104.0  1.058  3.3  -3.3  0.9  -0.9  2.4  -2.4
105.0  1.029  3.3  -3.3  0.9  -0.9  2.4  -2.4
106.0  0.9964  3.3  -3.3  0.9  -0.9  2.4  -2.4
107.0  0.9674  3.3  -3.3  0.9  -0.9  2.4  -2.4
108.0  0.9384  3.3  -3.3  0.9  -0.9  2.4  -2.4
109.0  0.9109  3.3  -3.3  0.9  -0.9  2.4  -2.4
110.0  0.8847  3.3  -3.3  0.9  -0.9  2.4  -2.4
110.5  0.872  3.3  -3.3  0.9  -0.9  2.4  -2.4
111.0  0.8587  3.3  -3.3  0.9  -0.9  2.4  -2.4
111.5  0.8458  3.4  -3.4  1.0  -1.0  2.4  -2.4
112.0  0.8333  3.4  -3.4  1.0  -1.0  2.4  -2.4
112.5  0.8213  3.4  -3.4  1.0  -1.0  2.4  -2.4
113.0  0.8093  3.4  -3.4  1.0  -1.0  2.4  -2.4
113.5  0.7973  3.3  -3.3  0.9  -0.9  2.4  -2.4
114.0  0.7858  3.3  -3.3  0.9  -0.9  2.4  -2.4
114.5  0.7743  3.3  -3.3  0.9  -0.9  2.4  -2.4
115.0  0.7626  3.3  -3.3  0.9  -0.9  2.4  -2.4
115.5  0.7517  3.3  -3.3  0.9  -0.9  2.4  -2.4
116.0  0.7415  3.3  -3.3  0.9  -0.9  2.4  -2.4
116.5  0.7309  3.4  -3.4  0.9  -0.9  2.5  -2.5
117.0  0.7203  3.4  -3.4  0.9  -0.9  2.5  -2.5
117.5  0.7102  3.4  -3.4  0.9  -0.9  2.5  -2.5
118.0  0.7002  3.4  -3.4  0.9  -0.9  2.5  -2.5
118.5  0.6907  3.4  -3.4  0.9  -0.9  2.5  -2.5
119.0  0.6808  3.5  -3.5  0.9  -0.9  2.6  -2.6
119.5  0.6712  3.5  -3.5  0.9  -0.9  2.6  -2.6
120.0  0.6617  3.5  -3.5  0.9  -0.9  2.6  -2.6
120.1  0.6603  3.5  -3.5  0.9  -0.9  2.6  -2.6
120.2  0.6585  3.4  -3.4  0.9  -0.9  2.5  -2.5
120.3  0.6567  3.4  -3.4  0.9  -0.9  2.5  -2.5
120.4  0.6549  3.4  -3.4  0.9  -0.9  2.5  -2.5
120.5  0.6533  3.4  -3.4  0.9  -0.9  2.5  -2.5
120.6  0.6514  3.4  -3.4  0.9  -0.9  2.5  -2.5
120.7  0.6496  3.4  -3.4  0.9  -0.9  2.5  -2.5
120.8  0.6479  3.4  -3.4  0.9  -0.9  2.5  -2.5
120.9  0.6463  3.4  -3.4  0.9  -0.9  2.5  -2.5
121.0  0.6448  3.5  -3.5  0.9  -0.9  2.6  -2.6
121.1  0.643  3.4  -3.4  0.9  -0.9  2.5  -2.5
121.2  0.6412  3.4  -3.4  0.9  -0.9  2.5  -2.5
121.3  0.6397  3.3  -3.3  0.9  -0.9  2.4  -2.4
121.4  0.6379  3.3  -3.3  0.9  -0.9  2.4  -2.4
121.5  0.6363  3.3  -3.3  0.9  -0.9  2.4  -2.4
121.6  0.6339  3.3  -3.3  0.9  -0.9  2.4  -2.4
121.7  0.6324  3.3  -3.3  0.9  -0.9  2.4  -2.4
121.8  0.6307  3.4  -3.4  0.9  -0.9  2.5  -2.5
121.9  0.6288  3.4  -3.4  0.9  -0.9  2.5  -2.5
122.0  0.6268  3.4  -3.4  0.9  -0.9  2.5  -2.5
122.1  0.6251  3.4  -3.4  0.9  -0.9  2.5  -2.5
122.2  0.6236  3.4  -3.4  0.9  -0.9  2.5  -2.5
122.3  0.6218  3.5  -3.5  0.9  -0.9  2.6  -2.6
122.4  0.6202  3.5  -3.5  0.9  -0.9  2.6  -2.6
122.5  0.6185  3.5  -3.5  0.9  -0.9  2.6  -2.6
122.6  0.6168  3.5  -3.5  0.9  -0.9  2.6  -2.6
122.7  0.6153  3.5  -3.5  0.9  -0.9  2.6  -2.6
122.8  0.6134  3.5  -3.5  0.9  -0.9  2.6  -2.6
122.9  0.6116  3.5  -3.5  0.9  -0.9  2.6  -2.6
123.0  0.61  3.5  -3.5  0.9  -0.9  2.6  -2.6
123.1  0.6084  3.5  -3.5  0.9  -0.9  2.6  -2.6
123.2  0.6069  3.5  -3.5  0.9  -0.9  2.6  -2.6
123.3  0.605  3.5  -3.5  0.9  -0.9  2.6  -2.6
123.4  0.6035  3.5  -3.5  0.9  -0.9  2.6  -2.6
123.5  0.6021  3.4  -3.4  0.9  -0.9  2.5  -2.5
123.6  0.6003  3.4  -3.4  0.9  -0.9  2.5  -2.5
123.7  0.599  3.4  -3.4  0.9  -0.9  2.5  -2.5
123.8  0.5976  3.4  -3.4  0.9  -0.9  2.5  -2.5
123.9  0.5959  3.4  -3.4  0.9  -0.9  2.5  -2.5
124.0  0.5944  3.4  -3.4  0.9  -0.9  2.5  -2.5
124.1  0.5926  3.4  -3.4  0.9  -0.9  2.5  -2.5
124.2  0.5909  3.4  -3.4  0.9  -0.9  2.5  -2.5
124.3  0.5894  3.5  -3.5  0.9  -0.9  2.6  -2.6
124.4  0.5877  3.5  -3.5  0.9  -0.9  2.6  -2.6
124.5  0.5858  3.5  -3.5  0.9  -0.9  2.6  -2.6
124.6  0.5844  3.5  -3.5  0.9  -0.9  2.6  -2.6
124.7  0.5829  3.5  -3.5  0.9  -0.9  2.6  -2.6
124.8  0.5812  3.5  -3.5  0.9  -0.9  2.6  -2.6
124.9  0.5798  3.5  -3.5  0.9  -0.9  2.6  -2.6
125.0  0.5785  3.5  -3.5  0.9  -0.9  2.6  -2.6
125.1  0.577  3.5  -3.5  0.9  -0.9  2.6  -2.6
125.2  0.5751  3.5  -3.5  0.9  -0.9  2.6  -2.6
125.3  0.5736  3.5  -3.5  0.9  -0.9  2.6  -2.6
125.4  0.5718  3.6  -3.6  1.0  -1.0  2.6  -2.6
125.5  0.5703  3.6  -3.6  1.0  -1.0  2.6  -2.6
125.6  0.5688  3.6  -3.6  1.0  -1.0  2.6  -2.6
125.7  0.5673  3.5  -3.5  1.0  -1.0  2.5  -2.5
125.8  0.566  3.5  -3.5  1.0  -1.0  2.5  -2.5
125.9  0.5643  3.5  -3.5  1.0  -1.0  2.5  -2.5
126.0  0.5629  3.5  -3.5  1.0  -1.0  2.5  -2.5
126.1  0.5612  3.5  -3.5  1.0  -1.0  2.5  -2.5
126.2  0.5599  3.5  -3.5  1.0  -1.0  2.5  -2.5
126.3  0.5585  3.5  -3.5  1.0  -1.0  2.5  -2.5
126.4  0.5569  3.5  -3.5  1.0  -1.0  2.5  -2.5
126.5  0.5555  3.5  -3.5  1.0  -1.0  2.5  -2.5
126.6  0.5539  3.5  -3.5  1.0  -1.0  2.5  -2.5
126.7  0.5523  3.6  -3.6  1.0  -1.0  2.6  -2.6
126.8  0.5508  3.6  -3.6  1.0  -1.0  2.6  -2.6
126.9  0.5492  3.6  -3.6  1.0  -1.0  2.6  -2.6
127.0  0.5476  3.6  -3.6  1.0  -1.0  2.6  -2.6
127.1  0.5463  3.6  -3.6  1.0  -1.0  2.6  -2.6
127.2  0.5449  3.6  -3.6  1.0  -1.0  2.6  -2.6
127.3  0.5434  3.5  -3.5  1.0  -1.0  2.5  -2.5
127.4  0.542  3.5  -3.5  1.0  -1.0  2.5  -2.5
127.5  0.5406  3.5  -3.5  1.0  -1.0  2.5  -2.5
127.6  0.5389  3.5  -3.5  1.0  -1.0  2.5  -2.5
127.7  0.5373  3.5  -3.5  1.0  -1.0  2.5  -2.5
127.8  0.5361  3.5  -3.5  1.0  -1.0  2.5  -2.5
127.9  0.5348  3.5  -3.5  1.0  -1.0  2.5  -2.5
128.0  0.5332  3.5  -3.5  1.0  -1.0  2.5  -2.5
128.1  0.5319  3.4  -3.4  0.9  -0.9  2.5  -2.5
128.2  0.5303  3.4  -3.4  0.9  -0.9  2.5  -2.5
128.3  0.5288  3.4  -3.4  0.9  -0.9  2.5  -2.5
128.4  0.5275  3.5  -3.5  0.9  -0.9  2.6  -2.6
128.5  0.5258  3.5  -3.5  0.9  -0.9  2.6  -2.6
128.6  0.5245  3.5  -3.5  0.9  -0.9  2.6  -2.6
128.7  0.5233  3.5  -3.5  0.9  -0.9  2.6  -2.6
128.8  0.5219  3.5  -3.5  0.9  -0.9  2.6  -2.6
128.9  0.5204  3.5  -3.5  0.9  -0.9  2.6  -2.6
129.0  0.5189  3.5  -3.5  0.9  -0.9  2.6  -2.6
129.1  0.5176  3.5  -3.5  0.9  -0.9  2.6  -2.6
129.2  0.5164  3.5  -3.5  0.9  -0.9  2.6  -2.6
129.3  0.515  3.5  -3.5  0.9  -0.9  2.6  -2.6
129.4  0.5137  3.4  -3.4  0.9  -0.9  2.5  -2.5
129.5  0.5122  3.4  -3.4  0.9  -0.9  2.5  -2.5
129.6  0.5112  3.4  -3.4  0.9  -0.9  2.5  -2.5
129.7  0.5096  3.5  -3.5  0.9  -0.9  2.6  -2.6
129.8  0.5084  3.5  -3.5  0.9  -0.9  2.6  -2.6
129.9  0.5072  3.5  -3.5  0.9  -0.9  2.6  -2.6
130.0  0.5059  3.5  -3.5  0.9  -0.9  2.6  -2.6
130.5  0.4989  3.5  -3.5  0.9  -0.9  2.6  -2.6
131.0  0.4922  3.6  -3.6  1.0  -1.0  2.6  -2.6
131.5  0.4858  3.6  -3.6  1.0  -1.0  2.6  -2.6
132.0  0.4795  3.6  -3.6  1.0  -1.0  2.6  -2.6
132.5  0.473  3.6  -3.6  1.0  -1.0  2.6  -2.6
133.0  0.4668  3.6  -3.6  1.0  -1.0  2.6  -2.6
133.5  0.4608  3.6  -3.6  1.0  -1.0  2.6  -2.6
134.0  0.4549  3.6  -3.6  1.0  -1.0  2.6  -2.6
134.5  0.4491  3.6  -3.6  1.0  -1.0  2.6  -2.6
135.0  0.4431  3.6  -3.6  1.0  -1.0  2.6  -2.6
135.5  0.4374  3.6  -3.6  1.0  -1.0  2.6  -2.6
136.0  0.4318  3.6  -3.6  1.0  -1.0  2.6  -2.6
136.5  0.4261  3.6  -3.6  1.0  -1.0  2.6  -2.6
137.0  0.4207  3.6  -3.6  1.0  -1.0  2.6  -2.6
137.5  0.4152  3.6  -3.6  1.0  -1.0  2.6  -2.6
138.0  0.4098  3.6  -3.6  1.0  -1.0  2.6  -2.6
138.5  0.4046  3.6  -3.6  1.0  -1.0  2.6  -2.6
139.0  0.3996  3.6  -3.6  1.0  -1.0  2.6  -2.6
139.5  0.3945  3.5  -3.5  0.9  -0.9  2.6  -2.6
140.0  0.3896  3.5  -3.5  0.9  -0.9  2.6  -2.6
140.5  0.3846  3.5  -3.5  0.9  -0.9  2.6  -2.6
141.0  0.3799  3.6  -3.6  1.0  -1.0  2.6  -2.6
141.5  0.3752  3.6  -3.6  1.0  -1.0  2.6  -2.6
142.0  0.3704  3.6  -3.6  1.0  -1.0  2.6  -2.6
142.5  0.3658  3.6  -3.6  1.0  -1.0  2.6  -2.6
143.0  0.3611  3.7  -3.7  1.0  -1.0  2.7  -2.7
143.5  0.3567  3.7  -3.7  1.0  -1.0  2.7  -2.7
144.0  0.3524  3.7  -3.7  1.0  -1.0  2.7  -2.7
144.5  0.348  3.7  -3.7  1.0  -1.0  2.7  -2.7
145.0  0.3437  3.7  -3.7  1.0  -1.0  2.7  -2.7
145.5  0.3394  3.7  -3.7  1.0  -1.0  2.7  -2.7
146.0  0.3351  3.7  -3.7  1.0  -1.0  2.7  -2.7
146.5  0.331  3.7  -3.7  1.0  -1.0  2.7  -2.7
147.0  0.3269  3.7  -3.7  1.0  -1.0  2.7  -2.7
147.5  0.3228  3.8  -3.8  1.0  -1.0  2.8  -2.8
148.0  0.319  3.7  -3.7  1.0  -1.0  2.7  -2.7
148.5  0.3149  3.7  -3.7  1.0  -1.0  2.7  -2.7
149.0  0.3109  3.7  -3.7  1.0  -1.0  2.7  -2.7
149.5  0.3071  3.7  -3.7  1.0  -1.0  2.7  -2.7
150.0  0.3034  3.7  -3.7  1.0  -1.0  2.7  -2.7
152.0  0.2883  3.8  -3.8  1.0  -1.0  2.8  -2.8
154.0  0.2742  3.8  -3.8  1.0  -1.0  2.8  -2.8
156.0  0.2597  3.8  -3.8  1.0  -1.0  2.8  -2.8
158.0  0.2452  3.8  -3.8  1.0  -1.0  2.8  -2.8
160.0  0.2316  3.8  -3.8  1.0  -1.0  2.8  -2.8
162.0  0.2241  3.9  -3.9  1.0  -1.0  2.9  -2.9
164.0  0.2168  3.9  -3.9  1.0  -1.0  2.9  -2.9
166.0  0.2085  3.9  -3.9  1.0  -1.0  2.9  -2.9
168.0  0.1994  4.0  -4.0  1.1  -1.1  2.9  -2.9
170.0  0.1908  3.9  -3.9  1.0  -1.0  2.9  -2.9
172.0  0.1826  4.0  -4.0  1.1  -1.1  2.9  -2.9
174.0  0.1748  4.0  -4.0  1.1  -1.1  2.9  -2.9
176.0  0.1674  4.0  -4.0  1.1  -1.1  2.9  -2.9
178.0  0.1605  4.1  -4.1  1.1  -1.1  3.0  -3.0
180.0  0.1538  4.1  -4.1  1.1  -1.1  3.0  -3.0
182.0  0.1482  4.1  -4.1  1.1  -1.1  3.0  -3.0
184.0  0.1427  4.1  -4.1  1.1  -1.1  3.0  -3.0
186.0  0.1374  4.1  -4.1  1.1  -1.1  3.0  -3.0
188.0  0.132  4.1  -4.1  1.1  -1.1  3.0  -3.0
190.0  0.1269  4.1  -4.1  1.1  -1.1  3.0  -3.0
192.0  0.122  4.2  -4.2  1.1  -1.1  3.1  -3.1
194.0  0.1173  4.2  -4.2  1.1  -1.1  3.1  -3.1
196.0  0.1129  4.2  -4.2  1.1  -1.1  3.1  -3.1
198.0  0.1086  4.2  -4.2  1.1  -1.1  3.1  -3.1
200.0  0.1045  4.3  -4.3  1.1  -1.1  3.2  -3.2
202.0  0.1006  4.3  -4.3  1.1  -1.1  3.2  -3.2
204.0  0.09689  4.4  -4.4  1.2  -1.2  3.2  -3.2
206.0  0.09332  4.4  -4.4  1.2  -1.2  3.2  -3.2
208.0  0.08993  4.4  -4.4  1.2  -1.2  3.2  -3.2
210.0  0.08665  4.4  -4.4  1.2  -1.2  3.2  -3.2
212.0  0.08356  4.5  -4.5  1.2  -1.2  3.3  -3.3
214.0  0.08056  4.5  -4.5  1.2  -1.2  3.3  -3.3
216.0  0.07772  4.5  -4.5  1.2  -1.2  3.3  -3.3
218.0  0.07499  4.5  -4.5  1.2  -1.2  3.3  -3.3
220.0  0.07238  4.5  -4.5  1.2  -1.2  3.3  -3.3
222.0  0.06985  4.6  -4.6  1.2  -1.2  3.4  -3.4
224.0  0.06745  4.6  -4.6  1.2  -1.2  3.4  -3.4
226.0  0.06514  4.7  -4.7  1.3  -1.3  3.4  -3.4
228.0  0.06294  4.7  -4.7  1.3  -1.3  3.4  -3.4
230.0  0.06082  4.7  -4.7  1.3  -1.3  3.4  -3.4
232.0  0.05877  4.8  -4.8  1.3  -1.3  3.5  -3.5
234.0  0.05681  4.8  -4.8  1.3  -1.3  3.5  -3.5
236.0  0.05496  4.8  -4.8  1.3  -1.3  3.5  -3.5
238.0  0.05314  4.8  -4.8  1.3  -1.3  3.5  -3.5
240.0  0.05141  4.8  -4.8  1.3  -1.3  3.5  -3.5
242.0  0.04973  4.8  -4.8  1.3  -1.3  3.5  -3.5
244.0  0.04812  4.9  -4.9  1.3  -1.3  3.6  -3.6
246.0  0.04658  4.9  -4.9  1.3  -1.3  3.6  -3.6
248.0  0.04507  4.9  -4.9  1.3  -1.3  3.6  -3.6
250.0  0.04365  4.9  -4.9  1.3  -1.3  3.6  -3.6
252.0  0.04227  5.0  -5.0  1.3  -1.3  3.7  -3.7
254.0  0.04095  5.0  -5.0  1.3  -1.3  3.7  -3.7
256.0  0.03966  5.0  -5.0  1.3  -1.3  3.7  -3.7
258.0  0.03842  5.0  -5.0  1.3  -1.3  3.7  -3.7
260.0  0.03724  5.0  -5.0  1.3  -1.3  3.7  -3.7
262.0  0.03609  5.1  -5.1  1.3  -1.3  3.8  -3.8
264.0  0.03499  5.2  -5.2  1.4  -1.4  3.8  -3.8
266.0  0.03393  5.2  -5.2  1.4  -1.4  3.8  -3.8
268.0  0.03289  5.2  -5.2  1.4  -1.4  3.8  -3.8
270.0  0.03191  5.2  -5.2  1.4  -1.4  3.8  -3.8
272.0  0.03095  5.2  -5.2  1.4  -1.4  3.8  -3.8
274.0  0.03002  5.3  -5.3  1.4  -1.4  3.9  -3.9
276.0  0.02912  5.3  -5.3  1.4  -1.4  3.9  -3.9
278.0  0.02826  5.3  -5.3  1.4  -1.4  3.9  -3.9
280.0  0.02741  5.3  -5.3  1.4  -1.4  3.9  -3.9
282.0  0.02661  5.4  -5.4  1.4  -1.4  4.0  -4.0
284.0  0.02583  5.4  -5.4  1.4  -1.4  4.0  -4.0
286.0  0.02508  5.4  -5.4  1.4  -1.4  4.0  -4.0
288.0  0.02435  5.4  -5.4  1.4  -1.4  4.0  -4.0
290.0  0.02366  5.4  -5.4  1.4  -1.4  4.0  -4.0
292.0  0.02298  5.6  -5.6  1.5  -1.5  4.1  -4.1
294.0  0.02232  5.6  -5.6  1.5  -1.5  4.1  -4.1
296.0  0.02169  5.6  -5.6  1.5  -1.5  4.1  -4.1
298.0  0.02107  5.6  -5.6  1.5  -1.5  4.1  -4.1
300.0  0.02047  5.6  -5.6  1.5  -1.5  4.1  -4.1
305.0  0.01909  5.7  -5.7  1.5  -1.5  4.2  -4.2
310.0  0.01781  5.8  -5.8  1.5  -1.5  4.3  -4.3
315.0  0.01661  5.8  -5.8  1.5  -1.5  4.3  -4.3
320.0  0.01551  6.0  -6.0  1.6  -1.6  4.4  -4.4
325.0  0.01447  6.0  -6.0  1.6  -1.6  4.4  -4.4
330.0  0.01353  6.1  -6.1  1.6  -1.6  4.5  -4.5
335.0  0.01263  6.1  -6.1  1.6  -1.6  4.5  -4.5
340.0  0.0118  6.2  -6.2  1.6  -1.6  4.6  -4.6
345.0  0.011  6.3  -6.3  1.7  -1.7  4.6  -4.6
350.0  0.01026  6.3  -6.3  1.7  -1.7  4.6  -4.6
360.0  0.009127  6.6  -6.6  1.7  -1.7  4.9  -4.9
370.0  0.008106  6.8  -6.8  1.8  -1.8  5.0  -5.0
380.0  0.007225  6.9  -6.9  1.8  -1.8  5.1  -5.1
390.0  0.006457  7.0  -7.0  1.8  -1.8  5.2  -5.2
400.0  0.005783  6.9  -6.9  1.8  -1.8  5.1  -5.1
