80.0  1.244  4.1  -4.1  1.8  -1.8  2.3  -2.3
81.0  1.203  4.1  -4.1  1.8  -1.8  2.3  -2.3
82.0  1.163  4.2  -4.2  1.8  -1.8  2.4  -2.4
83.0  1.125  4.2  -4.2  1.8  -1.8  2.4  -2.4
84.0  1.087  4.2  -4.2  1.8  -1.8  2.4  -2.4
85.0  1.052  4.2  -4.2  1.8  -1.8  2.4  -2.4
86.0  1.019  4.3  -4.3  1.9  -1.9  2.4  -2.4
87.0  0.9858  4.3  -4.3  1.9  -1.9  2.4  -2.4
88.0  0.9548  4.3  -4.3  1.9  -1.9  2.4  -2.4
89.0  0.9244  4.4  -4.4  2.0  -2.0  2.4  -2.4
90.0  0.8959  4.4  -4.4  2.0  -2.0  2.4  -2.4
91.0  0.8682  4.4  -4.4  2.0  -2.0  2.4  -2.4
92.0  0.8417  4.4  -4.4  2.0  -2.0  2.4  -2.4
93.0  0.8162  4.5  -4.5  2.1  -2.1  2.4  -2.4
94.0  0.7917  4.5  -4.5  2.1  -2.1  2.4  -2.4
95.0  0.7678  4.5  -4.5  2.1  -2.1  2.4  -2.4
96.0  0.7447  4.5  -4.5  2.1  -2.1  2.4  -2.4
97.0  0.7232  4.6  -4.6  2.1  -2.1  2.5  -2.5
98.0  0.7011  4.7  -4.7  2.2  -2.2  2.5  -2.5
99.0  0.6814  4.7  -4.7  2.2  -2.2  2.5  -2.5
100.0  0.6616  4.7  -4.7  2.2  -2.2  2.5  -2.5
101.0  0.6425  4.7  -4.7  2.2  -2.2  2.5  -2.5
102.0  0.624  4.8  -4.8  2.3  -2.3  2.5  -2.5
103.0  0.6063  4.9  -4.9  2.3  -2.3  2.6  -2.6
104.0  0.5895  4.9  -4.9  2.3  -2.3  2.6  -2.6
105.0  0.5724  4.9  -4.9  2.3  -2.3  2.6  -2.6
106.0  0.5564  5.0  -5.0  2.4  -2.4  2.6  -2.6
107.0  0.5412  5.0  -5.0  2.4  -2.4  2.6  -2.6
108.0  0.5261  5.0  -5.0  2.4  -2.4  2.6  -2.6
109.0  0.5116  5.0  -5.0  2.4  -2.4  2.6  -2.6
110.0  0.4978  5.0  -5.0  2.4  -2.4  2.6  -2.6
110.5  0.4909  5.1  -5.1  2.5  -2.5  2.6  -2.6
111.0  0.4845  5.1  -5.1  2.5  -2.5  2.6  -2.6
111.5  0.4775  5.2  -5.2  2.6  -2.6  2.6  -2.6
112.0  0.471  5.3  -5.3  2.6  -2.6  2.7  -2.7
112.5  0.4647  5.4  -5.4  2.7  -2.7  2.7  -2.7
113.0  0.4586  5.3  -5.3  2.6  -2.6  2.7  -2.7
113.5  0.4522  5.3  -5.3  2.6  -2.6  2.7  -2.7
114.0  0.446  5.3  -5.3  2.6  -2.6  2.7  -2.7
114.5  0.4402  5.3  -5.3  2.6  -2.6  2.7  -2.7
115.0  0.4345  5.3  -5.3  2.6  -2.6  2.7  -2.7
115.5  0.4287  5.3  -5.3  2.6  -2.6  2.7  -2.7
116.0  0.4232  5.4  -5.4  2.7  -2.7  2.7  -2.7
116.5  0.4174  5.4  -5.4  2.7  -2.7  2.7  -2.7
117.0  0.4119  5.4  -5.4  2.7  -2.7  2.7  -2.7
117.5  0.4063  5.4  -5.4  2.7  -2.7  2.7  -2.7
118.0  0.4013  5.4  -5.4  2.7  -2.7  2.7  -2.7
118.5  0.396  5.4  -5.4  2.7  -2.7  2.7  -2.7
119.0  0.3909  5.5  -5.5  2.7  -2.7  2.8  -2.8
119.5  0.3858  5.6  -5.6  2.8  -2.8  2.8  -2.8
120.0  0.3808  5.6  -5.6  2.8  -2.8  2.8  -2.8
120.1  0.3798  5.6  -5.6  2.8  -2.8  2.8  -2.8
120.2  0.3789  5.6  -5.6  2.8  -2.8  2.8  -2.8
120.3  0.3779  5.5  -5.5  2.8  -2.8  2.7  -2.7
120.4  0.3769  5.5  -5.5  2.8  -2.8  2.7  -2.7
120.5  0.3759  5.5  -5.5  2.8  -2.8  2.7  -2.7
120.6  0.3749  5.5  -5.5  2.8  -2.8  2.7  -2.7
120.7  0.3739  5.5  -5.5  2.8  -2.8  2.7  -2.7
120.8  0.373  5.5  -5.5  2.8  -2.8  2.7  -2.7
120.9  0.372  5.5  -5.5  2.8  -2.8  2.7  -2.7
121.0  0.3711  5.5  -5.5  2.8  -2.8  2.7  -2.7
121.1  0.3702  5.5  -5.5  2.8  -2.8  2.7  -2.7
121.2  0.3692  5.5  -5.5  2.8  -2.8  2.7  -2.7
121.3  0.3682  5.5  -5.5  2.8  -2.8  2.7  -2.7
121.4  0.3673  5.6  -5.6  2.8  -2.8  2.8  -2.8
121.5  0.3664  5.6  -5.6  2.8  -2.8  2.8  -2.8
121.6  0.3655  5.6  -5.6  2.8  -2.8  2.8  -2.8
121.7  0.3645  5.6  -5.6  2.8  -2.8  2.8  -2.8
121.8  0.3636  5.6  -5.6  2.8  -2.8  2.8  -2.8
121.9  0.3626  5.6  -5.6  2.8  -2.8  2.8  -2.8
122.0  0.3618  5.6  -5.6  2.8  -2.8  2.8  -2.8
122.1  0.3609  5.6  -5.6  2.8  -2.8  2.8  -2.8
122.2  0.3599  5.5  -5.5  2.8  -2.8  2.7  -2.7
122.3  0.359  5.6  -5.6  2.9  -2.9  2.7  -2.7
122.4  0.358  5.6  -5.6  2.9  -2.9  2.7  -2.7
122.5  0.3571  5.6  -5.6  2.9  -2.9  2.7  -2.7
122.6  0.3562  5.6  -5.6  2.9  -2.9  2.7  -2.7
122.7  0.3552  5.6  -5.6  2.9  -2.9  2.7  -2.7
122.8  0.3542  5.6  -5.6  2.9  -2.9  2.7  -2.7
122.9  0.3535  5.6  -5.6  2.9  -2.9  2.7  -2.7
123.0  0.3525  5.6  -5.6  2.9  -2.9  2.7  -2.7
123.1  0.3516  5.6  -5.6  2.9  -2.9  2.7  -2.7
123.2  0.3508  5.6  -5.6  2.9  -2.9  2.7  -2.7
123.3  0.3498  5.6  -5.6  2.9  -2.9  2.7  -2.7
123.4  0.349  5.6  -5.6  2.9  -2.9  2.7  -2.7
123.5  0.348  5.6  -5.6  2.9  -2.9  2.7  -2.7
123.6  0.3471  5.6  -5.6  2.9  -2.9  2.7  -2.7
123.7  0.3462  5.7  -5.7  2.9  -2.9  2.8  -2.8
123.8  0.3454  5.7  -5.7  2.9  -2.9  2.8  -2.8
123.9  0.3445  5.7  -5.7  2.9  -2.9  2.8  -2.8
124.0  0.3436  5.7  -5.7  2.9  -2.9  2.8  -2.8
124.1  0.3427  5.7  -5.7  2.9  -2.9  2.8  -2.8
124.2  0.3419  5.7  -5.7  2.9  -2.9  2.8  -2.8
124.3  0.3411  5.7  -5.7  2.9  -2.9  2.8  -2.8
124.4  0.3402  5.7  -5.7  2.9  -2.9  2.8  -2.8
124.5  0.3393  5.7  -5.7  2.9  -2.9  2.8  -2.8
124.6  0.3384  5.7  -5.7  2.9  -2.9  2.8  -2.8
124.7  0.3376  5.7  -5.7  2.9  -2.9  2.8  -2.8
124.8  0.3368  5.6  -5.6  2.9  -2.9  2.7  -2.7
124.9  0.3359  5.6  -5.6  2.9  -2.9  2.7  -2.7
125.0  0.3351  5.6  -5.6  2.9  -2.9  2.7  -2.7
125.1  0.3341  5.6  -5.6  2.9  -2.9  2.7  -2.7
125.2  0.3333  5.6  -5.6  2.9  -2.9  2.7  -2.7
125.3  0.3325  5.6  -5.6  2.9  -2.9  2.7  -2.7
125.4  0.3317  5.5  -5.5  2.9  -2.9  2.6  -2.6
125.5  0.3309  5.5  -5.5  2.9  -2.9  2.6  -2.6
125.6  0.3299  5.7  -5.7  3.0  -3.0  2.7  -2.7
125.7  0.3291  5.7  -5.7  3.0  -3.0  2.7  -2.7
125.8  0.3283  5.7  -5.7  3.0  -3.0  2.7  -2.7
125.9  0.3275  5.7  -5.7  3.0  -3.0  2.7  -2.7
126.0  0.3267  5.7  -5.7  3.0  -3.0  2.7  -2.7
126.1  0.3258  5.6  -5.6  2.9  -2.9  2.7  -2.7
126.2  0.325  5.6  -5.6  2.9  -2.9  2.7  -2.7
126.3  0.3243  5.6  -5.6  2.9  -2.9  2.7  -2.7
126.4  0.3235  5.5  -5.5  2.9  -2.9  2.6  -2.6
126.5  0.3227  5.5  -5.5  2.9  -2.9  2.6  -2.6
126.6  0.3219  5.6  -5.6  2.9  -2.9  2.7  -2.7
126.7  0.321  5.6  -5.6  2.9  -2.9  2.7  -2.7
126.8  0.3201  5.6  -5.6  2.9  -2.9  2.7  -2.7
126.9  0.3192  5.6  -5.6  2.9  -2.9  2.7  -2.7
127.0  0.3184  5.7  -5.7  2.9  -2.9  2.8  -2.8
127.1  0.3175  5.8  -5.8  3.0  -3.0  2.8  -2.8
127.2  0.3169  5.8  -5.8  3.0  -3.0  2.8  -2.8
127.3  0.3161  5.8  -5.8  3.0  -3.0  2.8  -2.8
127.4  0.3153  5.7  -5.7  3.0  -3.0  2.7  -2.7
127.5  0.3145  5.7  -5.7  3.0  -3.0  2.7  -2.7
127.6  0.3137  5.7  -5.7  3.0  -3.0  2.7  -2.7
127.7  0.3129  5.7  -5.7  3.0  -3.0  2.7  -2.7
127.8  0.3122  5.7  -5.7  2.9  -2.9  2.8  -2.8
127.9  0.3114  5.7  -5.7  2.9  -2.9  2.8  -2.8
128.0  0.3106  5.7  -5.7  2.9  -2.9  2.8  -2.8
128.1  0.3099  5.8  -5.8  3.0  -3.0  2.8  -2.8
128.2  0.309  5.8  -5.8  3.0  -3.0  2.8  -2.8
128.3  0.3083  5.8  -5.8  3.0  -3.0  2.8  -2.8
128.4  0.3075  5.8  -5.8  3.0  -3.0  2.8  -2.8
128.5  0.3068  5.8  -5.8  3.0  -3.0  2.8  -2.8
128.6  0.306  5.8  -5.8  3.0  -3.0  2.8  -2.8
128.7  0.3054  5.8  -5.8  3.0  -3.0  2.8  -2.8
128.8  0.3046  5.8  -5.8  3.0  -3.0  2.8  -2.8
128.9  0.3039  5.8  -5.8  3.0  -3.0  2.8  -2.8
129.0  0.3031  5.8  -5.8  3.0  -3.0  2.8  -2.8
129.1  0.3023  5.8  -5.8  3.0  -3.0  2.8  -2.8
129.2  0.3017  5.8  -5.8  3.0  -3.0  2.8  -2.8
129.3  0.301  5.8  -5.8  3.0  -3.0  2.8  -2.8
129.4  0.3002  5.8  -5.8  3.0  -3.0  2.8  -2.8
129.5  0.2994  5.7  -5.7  3.0  -3.0  2.7  -2.7
129.6  0.2986  5.8  -5.8  3.0  -3.0  2.8  -2.8
129.7  0.2979  5.8  -5.8  3.0  -3.0  2.8  -2.8
129.8  0.2972  5.8  -5.8  3.0  -3.0  2.8  -2.8
129.9  0.2965  5.8  -5.8  3.0  -3.0  2.8  -2.8
130.0  0.2957  5.8  -5.8  3.0  -3.0  2.8  -2.8
130.5  0.292  5.8  -5.8  3.0  -3.0  2.8  -2.8
131.0  0.2883  5.9  -5.9  3.1  -3.1  2.8  -2.8
131.5  0.2848  5.9  -5.9  3.1  -3.1  2.8  -2.8
132.0  0.2813  5.9  -5.9  3.1  -3.1  2.8  -2.8
132.5  0.278  5.9  -5.9  3.1  -3.1  2.8  -2.8
133.0  0.2746  5.9  -5.9  3.1  -3.1  2.8  -2.8
133.5  0.2712  5.9  -5.9  3.1  -3.1  2.8  -2.8
134.0  0.268  5.9  -5.9  3.1  -3.1  2.8  -2.8
134.5  0.2647  6.0  -6.0  3.2  -3.2  2.8  -2.8
135.0  0.2616  6.0  -6.0  3.2  -3.2  2.8  -2.8
135.5  0.2585  6.0  -6.0  3.2  -3.2  2.8  -2.8
136.0  0.2555  6.0  -6.0  3.2  -3.2  2.8  -2.8
136.5  0.2525  6.1  -6.1  3.2  -3.2  2.9  -2.9
137.0  0.2495  6.2  -6.2  3.3  -3.3  2.9  -2.9
137.5  0.2464  6.2  -6.2  3.3  -3.3  2.9  -2.9
138.0  0.2436  6.2  -6.2  3.3  -3.3  2.9  -2.9
138.5  0.2406  6.2  -6.2  3.3  -3.3  2.9  -2.9
139.0  0.2377  6.2  -6.2  3.3  -3.3  2.9  -2.9
139.5  0.235  6.2  -6.2  3.3  -3.3  2.9  -2.9
140.0  0.2322  6.2  -6.2  3.3  -3.3  2.9  -2.9
140.5  0.2294  6.2  -6.2  3.3  -3.3  2.9  -2.9
141.0  0.2269  6.2  -6.2  3.3  -3.3  2.9  -2.9
141.5  0.2243  6.2  -6.2  3.3  -3.3  2.9  -2.9
142.0  0.2216  6.3  -6.3  3.4  -3.4  2.9  -2.9
142.5  0.219  6.3  -6.3  3.4  -3.4  2.9  -2.9
143.0  0.2165  6.3  -6.3  3.4  -3.4  2.9  -2.9
143.5  0.2142  6.3  -6.3  3.4  -3.4  2.9  -2.9
144.0  0.2117  6.3  -6.3  3.4  -3.4  2.9  -2.9
144.5  0.2091  6.3  -6.3  3.4  -3.4  2.9  -2.9
145.0  0.2068  6.3  -6.3  3.4  -3.4  2.9  -2.9
145.5  0.2042  6.4  -6.4  3.5  -3.5  2.9  -2.9
146.0  0.2019  6.4  -6.4  3.5  -3.5  2.9  -2.9
146.5  0.1996  6.4  -6.4  3.5  -3.5  2.9  -2.9
147.0  0.1973  6.5  -6.5  3.5  -3.5  3.0  -3.0
147.5  0.1951  6.5  -6.5  3.5  -3.5  3.0  -3.0
148.0  0.1928  6.5  -6.5  3.5  -3.5  3.0  -3.0
148.5  0.1906  6.5  -6.5  3.5  -3.5  3.0  -3.0
149.0  0.1884  6.5  -6.5  3.5  -3.5  3.0  -3.0
149.5  0.1862  6.6  -6.6  3.6  -3.6  3.0  -3.0
150.0  0.1842  6.6  -6.6  3.6  -3.6  3.0  -3.0
152.0  0.1758  6.6  -6.6  3.6  -3.6  3.0  -3.0
154.0  0.168  6.8  -6.8  3.7  -3.7  3.1  -3.1
156.0  0.1599  6.9  -6.9  3.8  -3.8  3.1  -3.1
158.0  0.1518  7.0  -7.0  3.9  -3.9  3.1  -3.1
160.0  0.1442  7.0  -7.0  3.9  -3.9  3.1  -3.1
162.0  0.1397  7.0  -7.0  3.9  -3.9  3.1  -3.1
164.0  0.1354  7.0  -7.0  3.9  -3.9  3.1  -3.1
166.0  0.1305  7.0  -7.0  3.9  -3.9  3.1  -3.1
168.0  0.1252  7.2  -7.2  4.0  -4.0  3.2  -3.2
170.0  0.12  7.3  -7.3  4.1  -4.1  3.2  -3.2
172.0  0.1151  7.3  -7.3  4.1  -4.1  3.2  -3.2
174.0  0.1103  7.4  -7.4  4.2  -4.2  3.2  -3.2
176.0  0.1056  7.4  -7.4  4.2  -4.2  3.2  -3.2
178.0  0.1012  7.4  -7.4  4.2  -4.2  3.2  -3.2
180.0  0.09686  7.5  -7.5  4.2  -4.2  3.3  -3.3
182.0  0.09336  7.5  -7.5  4.2  -4.2  3.3  -3.3
184.0  0.09  7.6  -7.6  4.3  -4.3  3.3  -3.3
186.0  0.08665  7.6  -7.6  4.3  -4.3  3.3  -3.3
188.0  0.08341  7.7  -7.7  4.3  -4.3  3.4  -3.4
190.0  0.08026  7.7  -7.7  4.3  -4.3  3.4  -3.4
192.0  0.07727  7.7  -7.7  4.3  -4.3  3.4  -3.4
194.0  0.07443  7.8  -7.8  4.4  -4.4  3.4  -3.4
196.0  0.07169  7.8  -7.8  4.4  -4.4  3.4  -3.4
198.0  0.06906  7.8  -7.8  4.4  -4.4  3.4  -3.4
200.0  0.06651  7.9  -7.9  4.4  -4.4  3.5  -3.5
202.0  0.06411  7.9  -7.9  4.4  -4.4  3.5  -3.5
204.0  0.06178  7.9  -7.9  4.4  -4.4  3.5  -3.5
206.0  0.0595  7.9  -7.9  4.4  -4.4  3.5  -3.5
208.0  0.05733  7.9  -7.9  4.4  -4.4  3.5  -3.5
210.0  0.05527  7.9  -7.9  4.4  -4.4  3.5  -3.5
212.0  0.05327  7.9  -7.9  4.4  -4.4  3.5  -3.5
214.0  0.0514  8.0  -8.0  4.4  -4.4  3.6  -3.6
216.0  0.04957  8.0  -8.0  4.4  -4.4  3.6  -3.6
218.0  0.04782  8.0  -8.0  4.4  -4.4  3.6  -3.6
220.0  0.04612  7.9  -7.9  4.3  -4.3  3.6  -3.6
222.0  0.0445  8.0  -8.0  4.3  -4.3  3.7  -3.7
224.0  0.04294  8.0  -8.0  4.3  -4.3  3.7  -3.7
226.0  0.04144  8.0  -8.0  4.3  -4.3  3.7  -3.7
228.0  0.04001  8.0  -8.0  4.3  -4.3  3.7  -3.7
230.0  0.0386  8.1  -8.1  4.3  -4.3  3.8  -3.8
232.0  0.03728  8.0  -8.0  4.2  -4.2  3.8  -3.8
234.0  0.036  8.0  -8.0  4.2  -4.2  3.8  -3.8
236.0  0.03478  8.0  -8.0  4.2  -4.2  3.8  -3.8
238.0  0.03359  8.0  -8.0  4.1  -4.1  3.9  -3.9
240.0  0.03245  8.0  -8.0  4.1  -4.1  3.9  -3.9
242.0  0.03135  7.9  -7.9  4.0  -4.0  3.9  -3.9
244.0  0.0303  7.9  -7.9  4.0  -4.0  3.9  -3.9
246.0  0.02929  7.9  -7.9  4.0  -4.0  3.9  -3.9
248.0  0.02831  7.9  -7.9  3.9  -3.9  4.0  -4.0
250.0  0.02738  7.9  -7.9  3.9  -3.9  4.0  -4.0
252.0  0.02647  7.8  -7.8  3.8  -3.8  4.0  -4.0
254.0  0.0256  7.8  -7.8  3.8  -3.8  4.0  -4.0
256.0  0.02476  7.8  -7.8  3.8  -3.8  4.0  -4.0
258.0  0.02396  7.8  -7.8  3.7  -3.7  4.1  -4.1
260.0  0.02318  7.8  -7.8  3.7  -3.7  4.1  -4.1
262.0  0.02243  7.8  -7.8  3.7  -3.7  4.1  -4.1
264.0  0.02171  7.7  -7.7  3.6  -3.6  4.1  -4.1
266.0  0.02101  7.8  -7.8  3.6  -3.6  4.2  -4.2
268.0  0.02034  7.8  -7.8  3.6  -3.6  4.2  -4.2
270.0  0.01969  7.7  -7.7  3.5  -3.5  4.2  -4.2
272.0  0.01907  7.7  -7.7  3.5  -3.5  4.2  -4.2
274.0  0.01848  7.8  -7.8  3.5  -3.5  4.3  -4.3
276.0  0.0179  7.7  -7.7  3.4  -3.4  4.3  -4.3
278.0  0.01734  7.7  -7.7  3.4  -3.4  4.3  -4.3
280.0  0.01681  7.7  -7.7  3.4  -3.4  4.3  -4.3
282.0  0.0163  7.6  -7.6  3.3  -3.3  4.3  -4.3
284.0  0.01579  7.7  -7.7  3.3  -3.3  4.4  -4.4
286.0  0.01532  7.7  -7.7  3.3  -3.3  4.4  -4.4
288.0  0.01485  7.6  -7.6  3.2  -3.2  4.4  -4.4
290.0  0.01441  7.6  -7.6  3.2  -3.2  4.4  -4.4
292.0  0.01398  7.6  -7.6  3.2  -3.2  4.4  -4.4
294.0  0.01356  7.6  -7.6  3.1  -3.1  4.5  -4.5
296.0  0.01315  7.6  -7.6  3.1  -3.1  4.5  -4.5
298.0  0.01276  7.6  -7.6  3.1  -3.1  4.5  -4.5
300.0  0.01239  7.5  -7.5  3.0  -3.0  4.5  -4.5
305.0  0.0115  7.6  -7.6  3.0  -3.0  4.6  -4.6
310.0  0.01068  7.6  -7.6  2.9  -2.9  4.7  -4.7
315.0  0.00993  7.6  -7.6  2.9  -2.9  4.7  -4.7
320.0  0.009241  7.6  -7.6  2.8  -2.8  4.8  -4.8
325.0  0.008604  7.5  -7.5  2.7  -2.7  4.8  -4.8
330.0  0.008017  7.6  -7.6  2.7  -2.7  4.9  -4.9
335.0  0.007463  7.7  -7.7  2.7  -2.7  5.0  -5.0
340.0  0.006955  7.7  -7.7  2.7  -2.7  5.0  -5.0
345.0  0.006473  7.6  -7.6  2.6  -2.6  5.0  -5.0
350.0  0.006035  7.6  -7.6  2.6  -2.6  5.0  -5.0
360.0  0.005338  8.0  -8.0  2.7  -2.7  5.3  -5.3
370.0  0.004734  8.1  -8.1  2.7  -2.7  5.4  -5.4
380.0  0.004212  8.3  -8.3  2.8  -2.8  5.5  -5.5
390.0  0.003757  8.4  -8.4  2.8  -2.8  5.6  -5.6
400.0  0.003357  8.3  -8.3  2.8  -2.8  5.5  -5.5
