80.0  0.2897  12.6  -18.1  4.3  -9.8  8.3  -8.3
81.0  0.2812  12.6  -18.1  4.3  -9.8  8.3  -8.3
82.0  0.2729  12.6  -18.1  4.3  -9.8  8.3  -8.3
83.0  0.265  12.7  -18.2  4.3  -9.8  8.4  -8.4
84.0  0.2573  12.6  -18.2  4.2  -9.8  8.4  -8.4
85.0  0.2498  12.6  -18.2  4.2  -9.8  8.4  -8.4
86.0  0.2426  12.6  -18.1  4.2  -9.7  8.4  -8.4
87.0  0.2357  12.6  -18.1  4.2  -9.7  8.4  -8.4
88.0  0.229  12.5  -18.1  4.1  -9.7  8.4  -8.4
89.0  0.2225  12.5  -18.1  4.1  -9.7  8.4  -8.4
90.0  0.2162  12.5  -18.1  4.1  -9.7  8.4  -8.4
91.0  0.2102  12.5  -18.1  4.1  -9.7  8.4  -8.4
92.0  0.2044  12.4  -18.1  4.0  -9.7  8.4  -8.4
93.0  0.1988  12.4  -18.1  4.0  -9.7  8.4  -8.4
94.0  0.1933  12.4  -18.0  4.0  -9.6  8.4  -8.4
95.0  0.188  12.3  -18.0  3.9  -9.6  8.4  -8.4
96.0  0.1828  12.3  -18.0  3.9  -9.6  8.4  -8.4
97.0  0.1778  12.3  -18.0  3.9  -9.6  8.4  -8.4
98.0  0.173  12.3  -18.0  3.9  -9.6  8.4  -8.4
99.0  0.1683  12.2  -18.0  3.8  -9.6  8.4  -8.4
100.0  0.1637  12.2  -18.0  3.8  -9.6  8.4  -8.4
101.0  0.1593  12.2  -18.0  3.8  -9.6  8.4  -8.4
102.0  0.1551  12.2  -17.9  3.8  -9.5  8.4  -8.4
103.0  0.151  12.1  -17.9  3.7  -9.5  8.4  -8.4
104.0  0.1471  12.1  -17.9  3.7  -9.5  8.4  -8.4
105.0  0.1432  12.1  -17.9  3.7  -9.5  8.4  -8.4
106.0  0.1395  12.1  -17.9  3.7  -9.5  8.4  -8.4
107.0  0.1359  12.0  -17.9  3.6  -9.5  8.4  -8.4
108.0  0.1324  12.0  -17.9  3.6  -9.5  8.4  -8.4
109.0  0.129  12.0  -17.9  3.6  -9.5  8.4  -8.4
110.0  0.1257  12.0  -17.8  3.6  -9.4  8.4  -8.4
110.5  0.124  12.0  -17.8  3.6  -9.4  8.4  -8.4
111.0  0.1224  11.9  -17.8  3.5  -9.4  8.4  -8.4
111.5  0.1209  11.9  -17.8  3.5  -9.4  8.4  -8.4
112.0  0.1193  11.9  -17.8  3.5  -9.4  8.4  -8.4
112.5  0.1178  11.9  -17.8  3.5  -9.4  8.4  -8.4
113.0  0.1163  11.9  -17.8  3.5  -9.4  8.4  -8.4
113.5  0.1148  11.9  -17.8  3.5  -9.4  8.4  -8.4
114.0  0.1133  11.9  -17.8  3.5  -9.4  8.4  -8.4
114.5  0.1119  11.9  -17.8  3.5  -9.4  8.4  -8.4
115.0  0.1105  11.9  -17.8  3.5  -9.4  8.4  -8.4
115.5  0.1091  11.8  -17.8  3.4  -9.4  8.4  -8.4
116.0  0.1078  11.8  -17.8  3.4  -9.4  8.4  -8.4
116.5  0.1064  11.8  -17.8  3.4  -9.4  8.4  -8.4
117.0  0.1051  11.8  -17.8  3.4  -9.4  8.4  -8.4
117.5  0.1038  11.8  -17.8  3.4  -9.4  8.4  -8.4
118.0  0.1025  11.8  -17.8  3.4  -9.4  8.4  -8.4
118.5  0.1013  11.8  -17.7  3.4  -9.3  8.4  -8.4
119.0  0.1  11.8  -17.7  3.4  -9.3  8.4  -8.4
119.5  0.09879  11.8  -17.7  3.4  -9.3  8.4  -8.4
120.0  0.09758  11.8  -17.7  3.4  -9.3  8.4  -8.4
120.1  0.09734  11.8  -17.7  3.4  -9.3  8.4  -8.4
120.2  0.0971  11.7  -17.7  3.3  -9.3  8.4  -8.4
120.3  0.09686  11.7  -17.7  3.3  -9.3  8.4  -8.4
120.4  0.09662  11.7  -17.7  3.3  -9.3  8.4  -8.4
120.5  0.09638  11.7  -17.7  3.3  -9.3  8.4  -8.4
120.6  0.09614  11.7  -17.7  3.3  -9.3  8.4  -8.4
120.7  0.0959  11.7  -17.7  3.3  -9.3  8.4  -8.4
120.8  0.09567  11.7  -17.7  3.3  -9.3  8.4  -8.4
120.9  0.09543  11.7  -17.7  3.3  -9.3  8.4  -8.4
121.0  0.0952  11.7  -17.7  3.3  -9.3  8.4  -8.4
121.1  0.09496  11.7  -17.7  3.3  -9.3  8.4  -8.4
121.2  0.09473  11.7  -17.7  3.3  -9.3  8.4  -8.4
121.3  0.09449  11.7  -17.7  3.3  -9.3  8.4  -8.4
121.4  0.09426  11.7  -17.7  3.3  -9.3  8.4  -8.4
121.5  0.09403  11.7  -17.7  3.3  -9.3  8.4  -8.4
121.6  0.0938  11.7  -17.7  3.3  -9.3  8.4  -8.4
121.7  0.09357  11.7  -17.7  3.3  -9.3  8.4  -8.4
121.8  0.09334  11.7  -17.7  3.3  -9.3  8.4  -8.4
121.9  0.09311  11.7  -17.7  3.3  -9.3  8.4  -8.4
122.0  0.09288  11.7  -17.7  3.3  -9.3  8.4  -8.4
122.1  0.09265  11.7  -17.7  3.3  -9.3  8.4  -8.4
122.2  0.09243  11.7  -17.7  3.3  -9.3  8.4  -8.4
122.3  0.0922  11.7  -17.7  3.3  -9.3  8.4  -8.4
122.4  0.09197  11.7  -17.7  3.3  -9.3  8.4  -8.4
122.5  0.09175  11.7  -17.7  3.3  -9.3  8.4  -8.4
122.6  0.09152  11.7  -17.7  3.3  -9.3  8.4  -8.4
122.7  0.0913  11.7  -17.7  3.3  -9.3  8.4  -8.4
122.8  0.09107  11.7  -17.7  3.3  -9.3  8.4  -8.4
122.9  0.09085  11.7  -17.7  3.3  -9.3  8.4  -8.4
123.0  0.09063  11.7  -17.7  3.3  -9.3  8.4  -8.4
123.1  0.09041  11.7  -17.7  3.3  -9.3  8.4  -8.4
123.2  0.09019  11.7  -17.7  3.3  -9.3  8.4  -8.4
123.3  0.08997  11.7  -17.7  3.3  -9.3  8.4  -8.4
123.4  0.08975  11.7  -17.7  3.3  -9.3  8.4  -8.4
123.5  0.08953  11.7  -17.7  3.3  -9.3  8.4  -8.4
123.6  0.08931  11.7  -17.7  3.3  -9.3  8.4  -8.4
123.7  0.08909  11.7  -17.7  3.3  -9.3  8.4  -8.4
123.8  0.08888  11.7  -17.7  3.3  -9.3  8.4  -8.4
123.9  0.08866  11.7  -17.7  3.3  -9.3  8.4  -8.4
124.0  0.08844  11.7  -17.7  3.3  -9.3  8.4  -8.4
124.1  0.08823  11.7  -17.7  3.3  -9.3  8.4  -8.4
124.2  0.08801  11.7  -17.7  3.3  -9.3  8.4  -8.4
124.3  0.0878  11.7  -17.7  3.3  -9.3  8.4  -8.4
124.4  0.08759  11.7  -17.7  3.3  -9.3  8.4  -8.4
124.5  0.08737  11.7  -17.7  3.3  -9.3  8.4  -8.4
124.6  0.08716  11.7  -17.7  3.3  -9.3  8.4  -8.4
124.7  0.08695  11.7  -17.7  3.3  -9.3  8.4  -8.4
124.8  0.08674  11.7  -17.7  3.3  -9.3  8.4  -8.4
124.9  0.08653  11.7  -17.7  3.3  -9.3  8.4  -8.4
125.0  0.08632  11.6  -17.7  3.2  -9.3  8.4  -8.4
125.1  0.08611  11.6  -17.7  3.2  -9.3  8.4  -8.4
125.2  0.0859  11.6  -17.7  3.2  -9.3  8.4  -8.4
125.3  0.0857  11.6  -17.7  3.2  -9.3  8.4  -8.4
125.4  0.08549  11.6  -17.7  3.2  -9.3  8.4  -8.4
125.5  0.08528  11.6  -17.7  3.2  -9.3  8.4  -8.4
125.6  0.08508  11.6  -17.7  3.2  -9.3  8.4  -8.4
125.7  0.08487  11.6  -17.7  3.2  -9.3  8.4  -8.4
125.8  0.08467  11.6  -17.7  3.2  -9.3  8.4  -8.4
125.9  0.08446  11.6  -17.7  3.2  -9.3  8.4  -8.4
126.0  0.08426  11.6  -17.7  3.2  -9.3  8.4  -8.4
126.1  0.08406  11.6  -17.7  3.2  -9.3  8.4  -8.4
126.2  0.08386  11.6  -17.7  3.2  -9.3  8.4  -8.4
126.3  0.08366  11.6  -17.7  3.2  -9.3  8.4  -8.4
126.4  0.08346  11.6  -17.7  3.2  -9.3  8.4  -8.4
126.5  0.08326  11.6  -17.7  3.2  -9.3  8.4  -8.4
126.6  0.08306  11.6  -17.7  3.2  -9.3  8.4  -8.4
126.7  0.08286  11.6  -17.7  3.2  -9.3  8.4  -8.4
126.8  0.08266  11.6  -17.7  3.2  -9.3  8.4  -8.4
126.9  0.08246  11.6  -17.7  3.2  -9.3  8.4  -8.4
127.0  0.08226  11.6  -17.7  3.2  -9.3  8.4  -8.4
127.1  0.08207  11.6  -17.7  3.2  -9.3  8.4  -8.4
127.2  0.08187  11.6  -17.7  3.2  -9.3  8.4  -8.4
127.3  0.08168  11.6  -17.7  3.2  -9.3  8.4  -8.4
127.4  0.08148  11.6  -17.7  3.2  -9.3  8.4  -8.4
127.5  0.08129  11.6  -17.7  3.2  -9.3  8.4  -8.4
127.6  0.08109  11.6  -17.7  3.2  -9.3  8.4  -8.4
127.7  0.0809  11.6  -17.7  3.2  -9.3  8.4  -8.4
127.8  0.08071  11.6  -17.7  3.2  -9.3  8.4  -8.4
127.9  0.08051  11.6  -17.7  3.2  -9.3  8.4  -8.4
128.0  0.08032  11.6  -17.7  3.2  -9.3  8.4  -8.4
128.1  0.08013  11.6  -17.7  3.2  -9.3  8.4  -8.4
128.2  0.07994  11.6  -17.7  3.2  -9.3  8.4  -8.4
128.3  0.07975  11.6  -17.7  3.2  -9.3  8.4  -8.4
128.4  0.07956  11.6  -17.7  3.2  -9.3  8.4  -8.4
128.5  0.07937  11.6  -17.7  3.2  -9.3  8.4  -8.4
128.6  0.07918  11.7  -17.8  3.2  -9.3  8.5  -8.5
128.7  0.079  11.7  -17.8  3.2  -9.3  8.5  -8.5
128.8  0.07881  11.7  -17.7  3.2  -9.2  8.5  -8.5
128.9  0.07862  11.7  -17.7  3.2  -9.2  8.5  -8.5
129.0  0.07844  11.7  -17.7  3.2  -9.2  8.5  -8.5
129.1  0.07825  11.7  -17.7  3.2  -9.2  8.5  -8.5
129.2  0.07807  11.7  -17.7  3.2  -9.2  8.5  -8.5
129.3  0.07788  11.7  -17.7  3.2  -9.2  8.5  -8.5
129.4  0.0777  11.7  -17.7  3.2  -9.2  8.5  -8.5
129.5  0.07751  11.7  -17.7  3.2  -9.2  8.5  -8.5
129.6  0.07733  11.7  -17.7  3.2  -9.2  8.5  -8.5
129.7  0.07715  11.7  -17.7  3.2  -9.2  8.5  -8.5
129.8  0.07696  11.7  -17.7  3.2  -9.2  8.5  -8.5
129.9  0.07678  11.7  -17.7  3.2  -9.2  8.5  -8.5
130.0  0.0766  11.7  -17.7  3.2  -9.2  8.5  -8.5
130.5  0.0757  11.6  -17.7  3.1  -9.2  8.5  -8.5
131.0  0.07482  11.6  -17.7  3.1  -9.2  8.5  -8.5
131.5  0.07394  11.6  -17.7  3.1  -9.2  8.5  -8.5
132.0  0.07308  11.6  -17.7  3.1  -9.2  8.5  -8.5
132.5  0.07223  11.6  -17.7  3.1  -9.2  8.5  -8.5
133.0  0.0714  11.6  -17.7  3.1  -9.2  8.5  -8.5
133.5  0.07057  11.6  -17.7  3.1  -9.2  8.5  -8.5
134.0  0.06975  11.6  -17.7  3.1  -9.2  8.5  -8.5
134.5  0.06895  11.6  -17.7  3.1  -9.2  8.5  -8.5
135.0  0.06816  11.6  -17.7  3.1  -9.2  8.5  -8.5
135.5  0.06738  11.6  -17.7  3.1  -9.2  8.5  -8.5
136.0  0.0666  11.5  -17.7  3.0  -9.2  8.5  -8.5
136.5  0.06584  11.5  -17.7  3.0  -9.2  8.5  -8.5
137.0  0.06509  11.5  -17.7  3.0  -9.2  8.5  -8.5
137.5  0.06435  11.5  -17.7  3.0  -9.2  8.5  -8.5
138.0  0.06362  11.5  -17.7  3.0  -9.2  8.5  -8.5
138.5  0.0629  11.5  -17.7  3.0  -9.2  8.5  -8.5
139.0  0.06219  11.5  -17.7  3.0  -9.2  8.5  -8.5
139.5  0.06148  11.5  -17.7  3.0  -9.2  8.5  -8.5
140.0  0.06079  11.5  -17.7  3.0  -9.2  8.5  -8.5
140.5  0.0601  11.5  -17.7  3.0  -9.2  8.5  -8.5
141.0  0.05942  11.5  -17.6  3.0  -9.1  8.5  -8.5
141.5  0.05875  11.5  -17.6  3.0  -9.1  8.5  -8.5
142.0  0.05808  11.4  -17.6  2.9  -9.1  8.5  -8.5
142.5  0.05743  11.4  -17.6  2.9  -9.1  8.5  -8.5
143.0  0.05678  11.4  -17.6  2.9  -9.1  8.5  -8.5
143.5  0.05615  11.4  -17.6  2.9  -9.1  8.5  -8.5
144.0  0.05552  11.4  -17.6  2.9  -9.1  8.5  -8.5
144.5  0.0549  11.4  -17.6  2.9  -9.1  8.5  -8.5
145.0  0.05429  11.4  -17.6  2.9  -9.1  8.5  -8.5
145.5  0.05369  11.4  -17.6  2.9  -9.1  8.5  -8.5
146.0  0.0531  11.4  -17.6  2.9  -9.1  8.5  -8.5
146.5  0.05252  11.4  -17.6  2.9  -9.1  8.5  -8.5
147.0  0.05195  11.4  -17.6  2.9  -9.1  8.5  -8.5
147.5  0.05138  11.4  -17.6  2.9  -9.1  8.5  -8.5
148.0  0.05082  11.4  -17.6  2.9  -9.1  8.5  -8.5
148.5  0.05027  11.4  -17.6  2.9  -9.1  8.5  -8.5
149.0  0.04973  11.4  -17.6  2.9  -9.1  8.5  -8.5
149.5  0.0492  11.3  -17.6  2.8  -9.1  8.5  -8.5
150.0  0.04867  11.3  -17.6  2.8  -9.1  8.5  -8.5
152.0  0.04663  11.3  -17.6  2.8  -9.1  8.5  -8.5
154.0  0.0447  11.3  -17.6  2.8  -9.1  8.5  -8.5
156.0  0.04285  11.3  -17.6  2.8  -9.1  8.5  -8.5
158.0  0.04108  11.3  -17.6  2.8  -9.1  8.5  -8.5
160.0  0.0394  11.2  -17.5  2.7  -9.0  8.5  -8.5
162.0  0.03781  11.2  -17.5  2.7  -9.0  8.5  -8.5
164.0  0.0363  11.3  -17.6  2.7  -9.0  8.6  -8.6
166.0  0.03486  11.3  -17.6  2.7  -9.0  8.6  -8.6
168.0  0.03349  11.3  -17.6  2.7  -9.0  8.6  -8.6
170.0  0.03218  11.3  -17.6  2.7  -9.0  8.6  -8.6
172.0  0.03093  11.2  -17.6  2.6  -9.0  8.6  -8.6
174.0  0.02974  11.2  -17.6  2.6  -9.0  8.6  -8.6
176.0  0.0286  11.2  -17.6  2.6  -9.0  8.6  -8.6
178.0  0.02752  11.2  -17.6  2.6  -9.0  8.6  -8.6
180.0  0.0265  11.2  -17.6  2.6  -9.0  8.6  -8.6
182.0  0.02552  11.3  -17.7  2.6  -9.0  8.7  -8.7
184.0  0.0246  11.3  -17.7  2.6  -9.0  8.7  -8.7
186.0  0.02371  11.3  -17.7  2.6  -9.0  8.7  -8.7
188.0  0.02286  11.3  -17.7  2.6  -9.0  8.7  -8.7
190.0  0.02205  11.3  -17.7  2.6  -9.0  8.7  -8.7
192.0  0.02127  11.3  -17.7  2.6  -9.0  8.7  -8.7
194.0  0.02053  11.3  -17.7  2.6  -9.0  8.7  -8.7
196.0  0.01982  11.3  -17.7  2.6  -9.0  8.7  -8.7
198.0  0.01913  11.4  -17.8  2.6  -9.0  8.8  -8.8
200.0  0.01848  11.4  -17.9  2.6  -9.1  8.8  -8.8
202.0  0.01785  11.4  -17.9  2.6  -9.1  8.8  -8.8
204.0  0.01725  11.5  -17.9  2.7  -9.1  8.8  -8.8
206.0  0.01668  11.5  -17.9  2.7  -9.1  8.8  -8.8
208.0  0.01613  11.5  -17.9  2.7  -9.1  8.8  -8.8
210.0  0.01561  11.5  -17.9  2.7  -9.1  8.8  -8.8
212.0  0.01511  11.6  -18.0  2.8  -9.2  8.8  -8.8
214.0  0.01462  11.6  -18.0  2.8  -9.2  8.8  -8.8
216.0  0.01416  11.6  -18.0  2.8  -9.2  8.8  -8.8
218.0  0.01372  11.8  -18.1  2.9  -9.2  8.9  -8.9
220.0  0.01329  11.8  -18.1  2.9  -9.2  8.9  -8.9
222.0  0.01289  11.9  -18.2  3.0  -9.3  8.9  -8.9
224.0  0.01249  11.9  -18.2  3.0  -9.3  8.9  -8.9
226.0  0.01212  12.0  -18.2  3.1  -9.3  8.9  -8.9
228.0  0.01176  12.0  -18.3  3.1  -9.4  8.9  -8.9
230.0  0.01141  12.1  -18.4  3.1  -9.4  9.0  -9.0
232.0  0.01108  12.1  -18.4  3.1  -9.4  9.0  -9.0
234.0  0.01076  12.1  -18.4  3.1  -9.4  9.0  -9.0
236.0  0.01046  12.1  -18.4  3.1  -9.4  9.0  -9.0
238.0  0.01016  12.2  -18.4  3.2  -9.4  9.0  -9.0
240.0  0.009876  12.2  -18.5  3.2  -9.5  9.0  -9.0
242.0  0.0096  12.2  -18.5  3.2  -9.5  9.0  -9.0
244.0  0.009333  12.4  -18.6  3.3  -9.5  9.1  -9.1
246.0  0.009077  12.5  -18.7  3.4  -9.6  9.1  -9.1
248.0  0.00883  12.5  -18.7  3.4  -9.6  9.1  -9.1
250.0  0.008592  12.7  -18.9  3.5  -9.7  9.2  -9.2
252.0  0.008365  12.8  -18.9  3.6  -9.7  9.2  -9.2
254.0  0.008145  12.9  -18.9  3.7  -9.7  9.2  -9.2
256.0  0.007934  12.9  -19.0  3.7  -9.8  9.2  -9.2
258.0  0.00773  13.0  -19.0  3.8  -9.8  9.2  -9.2
260.0  0.007533  13.1  -19.1  3.9  -9.9  9.2  -9.2
262.0  0.007342  13.2  -19.1  4.0  -9.9  9.2  -9.2
264.0  0.007157  13.3  -19.2  4.1  -10.0  9.2  -9.2
266.0  0.006979  13.3  -19.2  4.1  -10.0  9.2  -9.2
268.0  0.006806  13.4  -19.3  4.2  -10.1  9.2  -9.2
270.0  0.00664  13.6  -19.4  4.3  -10.1  9.3  -9.3
272.0  0.006478  13.7  -19.5  4.4  -10.2  9.3  -9.3
274.0  0.006322  13.8  -19.5  4.5  -10.2  9.3  -9.3
276.0  0.006172  14.0  -19.7  4.6  -10.3  9.4  -9.4
278.0  0.006026  14.0  -19.7  4.6  -10.3  9.4  -9.4
280.0  0.005886  14.2  -19.9  4.7  -10.4  9.5  -9.5
282.0  0.005752  14.3  -19.9  4.8  -10.4  9.5  -9.5
284.0  0.005622  14.4  -20.0  4.9  -10.5  9.5  -9.5
286.0  0.005496  14.6  -20.1  5.0  -10.5  9.6  -9.6
288.0  0.005374  14.8  -20.3  5.1  -10.6  9.7  -9.7
290.0  0.005257  14.9  -20.3  5.2  -10.6  9.7  -9.7
292.0  0.005142  15.1  -20.5  5.3  -10.7  9.8  -9.8
294.0  0.005031  15.2  -20.5  5.4  -10.7  9.8  -9.8
296.0  0.004924  15.4  -20.7  5.5  -10.8  9.9  -9.9
298.0  0.004819  15.5  -20.8  5.6  -10.9  9.9  -9.9
300.0  0.004718  15.6  -20.9  5.6  -10.9  10.0  -10.0
305.0  0.004478  15.8  -21.0  5.7  -10.9  10.1  -10.1
310.0  0.004255  15.9  -21.3  5.6  -11.0  10.3  -10.3
315.0  0.004047  15.9  -21.4  5.5  -11.0  10.4  -10.4
320.0  0.003853  16.0  -21.5  5.5  -11.0  10.5  -10.5
325.0  0.003672  16.3  -21.8  5.6  -11.1  10.7  -10.7
330.0  0.003501  16.6  -22.1  5.7  -11.2  10.9  -10.9
335.0  0.003342  16.9  -22.3  5.9  -11.3  11.0  -11.0
340.0  0.003192  17.3  -22.6  6.1  -11.4  11.2  -11.2
345.0  0.003053  17.5  -22.8  6.2  -11.5  11.3  -11.3
350.0  0.002921  17.9  -23.1  6.4  -11.6  11.5  -11.5
360.0  0.00268  18.5  -23.6  6.7  -11.8  11.8  -11.8
370.0  0.002466  19.1  -24.2  6.9  -12.0  12.2  -12.2
380.0  0.002273  19.8  -24.8  7.2  -12.2  12.6  -12.6
390.0  0.0021  20.5  -25.3  7.5  -12.3  13.0  -13.0
400.0  0.001943  21.3  -26.0  7.8  -12.5  13.5  -13.5
