80.0  36.59  16.1  -15.5  8.3  -8.8  7.8  -6.7
81.0  35.71  16.1  -15.5  8.3  -8.8  7.8  -6.7
82.0  34.86  16.1  -15.5  8.3  -8.8  7.8  -6.7
83.0  34.04  16.1  -15.5  8.3  -8.8  7.8  -6.7
84.0  33.25  16.1  -15.5  8.3  -8.8  7.8  -6.7
85.0  32.49  16.1  -15.5  8.3  -8.8  7.8  -6.7
86.0  31.75  16.1  -15.5  8.3  -8.8  7.8  -6.7
87.0  31.04  16.1  -15.5  8.3  -8.8  7.8  -6.7
88.0  30.35  16.1  -15.4  8.3  -8.7  7.8  -6.7
89.0  29.69  16.0  -15.4  8.2  -8.7  7.8  -6.7
90.0  29.03  16.0  -15.4  8.2  -8.7  7.8  -6.7
91.0  28.42  16.0  -15.4  8.2  -8.7  7.8  -6.7
92.0  27.81  15.9  -15.4  8.1  -8.7  7.8  -6.7
93.0  27.23  15.9  -15.3  8.1  -8.6  7.8  -6.7
94.0  26.65  15.9  -15.3  8.1  -8.6  7.8  -6.7
95.0  26.1  15.8  -15.3  8.0  -8.6  7.8  -6.7
96.0  25.57  15.8  -15.3  8.0  -8.6  7.8  -6.7
97.0  25.06  15.7  -15.2  7.9  -8.5  7.8  -6.7
98.0  24.56  15.7  -15.3  7.9  -8.5  7.8  -6.8
99.0  24.07  15.5  -15.3  7.8  -8.5  7.7  -6.8
100.0  23.64  15.5  -15.2  7.8  -8.4  7.7  -6.8
101.0  23.17  15.5  -15.2  7.8  -8.4  7.7  -6.8
102.0  22.73  15.5  -15.2  7.8  -8.4  7.7  -6.8
103.0  22.29  15.4  -15.2  7.7  -8.3  7.7  -6.9
104.0  21.87  15.4  -15.2  7.7  -8.3  7.7  -6.9
105.0  21.45  15.4  -15.2  7.7  -8.3  7.7  -6.9
106.0  21.05  15.4  -15.2  7.7  -8.3  7.7  -6.9
107.0  20.67  15.3  -15.1  7.6  -8.2  7.7  -6.9
108.0  20.29  15.3  -15.1  7.6  -8.2  7.7  -6.9
109.0  19.92  15.3  -15.1  7.6  -8.2  7.7  -6.9
110.0  19.56  15.2  -15.0  7.5  -8.1  7.7  -6.9
110.5  19.38  15.2  -15.0  7.5  -8.1  7.7  -6.9
111.0  19.21  15.2  -15.0  7.5  -8.1  7.7  -6.9
111.5  19.03  15.2  -15.0  7.5  -8.1  7.7  -6.9
112.0  18.87  15.2  -15.0  7.5  -8.1  7.7  -6.9
112.5  18.7  15.1  -14.9  7.4  -8.0  7.7  -6.9
113.0  18.53  15.1  -15.0  7.4  -8.0  7.7  -7.0
113.5  18.37  15.1  -15.0  7.4  -8.0  7.7  -7.0
114.0  18.21  15.1  -15.0  7.4  -8.0  7.7  -7.0
114.5  18.05  15.1  -15.0  7.4  -8.0  7.7  -7.0
115.0  17.89  15.1  -15.0  7.4  -8.0  7.7  -7.0
115.5  17.74  15.1  -15.0  7.4  -8.0  7.7  -7.0
116.0  17.59  15.1  -15.0  7.4  -8.0  7.7  -7.0
116.5  17.44  15.1  -15.0  7.4  -8.0  7.7  -7.0
117.0  17.29  15.0  -15.0  7.3  -8.0  7.7  -7.0
117.5  17.14  15.0  -15.0  7.3  -8.0  7.7  -7.0
118.0  16.99  15.0  -14.9  7.3  -7.9  7.7  -7.0
118.5  16.85  14.9  -14.9  7.3  -7.9  7.6  -7.0
119.0  16.71  14.9  -14.9  7.3  -7.9  7.6  -7.0
119.5  16.57  14.8  -14.9  7.2  -7.9  7.6  -7.0
120.0  16.43  14.8  -14.9  7.2  -7.9  7.6  -7.0
120.1  16.4  14.8  -14.9  7.2  -7.9  7.6  -7.0
120.2  16.37  14.8  -14.9  7.2  -7.9  7.6  -7.0
120.3  16.35  14.8  -14.9  7.2  -7.9  7.6  -7.0
120.4  16.32  14.8  -14.9  7.2  -7.9  7.6  -7.0
120.5  16.29  14.8  -14.9  7.2  -7.9  7.6  -7.0
120.6  16.27  14.8  -14.9  7.2  -7.9  7.6  -7.0
120.7  16.24  14.8  -14.9  7.2  -7.9  7.6  -7.0
120.8  16.21  14.8  -14.9  7.2  -7.9  7.6  -7.0
120.9  16.18  14.8  -14.9  7.2  -7.9  7.6  -7.0
121.0  16.16  14.8  -14.9  7.2  -7.9  7.6  -7.0
121.1  16.13  14.8  -14.9  7.2  -7.9  7.6  -7.0
121.2  16.1  14.8  -14.9  7.2  -7.9  7.6  -7.0
121.3  16.08  14.8  -14.9  7.2  -7.9  7.6  -7.0
121.4  16.05  14.8  -14.9  7.2  -7.9  7.6  -7.0
121.5  16.02  14.8  -14.9  7.2  -7.9  7.6  -7.0
121.6  16.0  14.8  -14.9  7.2  -7.9  7.6  -7.0
121.7  15.97  14.8  -14.9  7.2  -7.9  7.6  -7.0
121.8  15.94  14.8  -14.9  7.2  -7.9  7.6  -7.0
121.9  15.92  14.8  -14.9  7.2  -7.9  7.6  -7.0
122.0  15.89  14.8  -14.9  7.2  -7.9  7.6  -7.0
122.1  15.87  14.8  -14.9  7.2  -7.9  7.6  -7.0
122.2  15.84  14.8  -14.9  7.2  -7.9  7.6  -7.0
122.3  15.81  14.7  -14.9  7.1  -7.9  7.6  -7.0
122.4  15.79  14.7  -14.9  7.1  -7.9  7.6  -7.0
122.5  15.76  14.7  -14.9  7.1  -7.9  7.6  -7.0
122.6  15.74  14.7  -14.9  7.1  -7.9  7.6  -7.0
122.7  15.71  14.7  -14.9  7.1  -7.9  7.6  -7.0
122.8  15.68  14.7  -14.9  7.1  -7.8  7.6  -7.1
122.9  15.66  14.7  -14.9  7.1  -7.8  7.6  -7.1
123.0  15.63  14.7  -14.9  7.1  -7.8  7.6  -7.1
123.1  15.61  14.7  -14.9  7.1  -7.8  7.6  -7.1
123.2  15.58  14.7  -14.9  7.1  -7.8  7.6  -7.1
123.3  15.56  14.7  -14.9  7.1  -7.8  7.6  -7.1
123.4  15.53  14.7  -14.9  7.1  -7.8  7.6  -7.1
123.5  15.51  14.7  -14.9  7.1  -7.8  7.6  -7.1
123.6  15.48  14.7  -14.9  7.1  -7.8  7.6  -7.1
123.7  15.46  14.7  -14.9  7.1  -7.8  7.6  -7.1
123.8  15.43  14.7  -14.9  7.1  -7.8  7.6  -7.1
123.9  15.4  14.7  -14.9  7.1  -7.8  7.6  -7.1
124.0  15.38  14.7  -14.9  7.1  -7.8  7.6  -7.1
124.1  15.35  14.7  -14.9  7.1  -7.8  7.6  -7.1
124.2  15.33  14.7  -14.9  7.1  -7.8  7.6  -7.1
124.3  15.31  14.7  -14.9  7.1  -7.8  7.6  -7.1
124.4  15.28  14.7  -14.9  7.1  -7.8  7.6  -7.1
124.5  15.26  14.7  -14.9  7.1  -7.8  7.6  -7.1
124.6  15.23  14.7  -14.9  7.1  -7.8  7.6  -7.1
124.7  15.21  14.7  -14.9  7.1  -7.8  7.6  -7.1
124.8  15.18  14.7  -14.9  7.1  -7.8  7.6  -7.1
124.9  15.16  14.7  -14.9  7.1  -7.8  7.6  -7.1
125.0  15.13  14.7  -14.9  7.1  -7.8  7.6  -7.1
125.1  15.11  14.7  -14.9  7.1  -7.8  7.6  -7.1
125.2  15.08  14.7  -14.9  7.1  -7.8  7.6  -7.1
125.3  15.06  14.7  -14.9  7.1  -7.8  7.6  -7.1
125.4  15.04  14.7  -14.9  7.1  -7.8  7.6  -7.1
125.5  15.01  14.7  -14.9  7.1  -7.8  7.6  -7.1
125.6  14.99  14.7  -14.9  7.1  -7.8  7.6  -7.1
125.7  14.96  14.7  -14.9  7.1  -7.8  7.6  -7.1
125.8  14.94  14.7  -14.9  7.1  -7.8  7.6  -7.1
125.9  14.91  14.7  -14.9  7.1  -7.8  7.6  -7.1
126.0  14.89  14.7  -14.9  7.1  -7.8  7.6  -7.1
126.1  14.87  14.7  -14.9  7.1  -7.8  7.6  -7.1
126.2  14.84  14.7  -14.9  7.1  -7.8  7.6  -7.1
126.3  14.82  14.7  -14.9  7.1  -7.8  7.6  -7.1
126.4  14.8  14.7  -14.9  7.1  -7.8  7.6  -7.1
126.5  14.77  14.7  -14.9  7.1  -7.8  7.6  -7.1
126.6  14.75  14.7  -14.9  7.1  -7.8  7.6  -7.1
126.7  14.73  14.7  -14.9  7.1  -7.8  7.6  -7.1
126.8  14.7  14.7  -14.9  7.1  -7.8  7.6  -7.1
126.9  14.68  14.7  -14.9  7.1  -7.8  7.6  -7.1
127.0  14.65  14.7  -14.9  7.1  -7.8  7.6  -7.1
127.1  14.63  14.7  -14.9  7.1  -7.8  7.6  -7.1
127.2  14.61  14.7  -14.9  7.1  -7.8  7.6  -7.1
127.3  14.59  14.7  -15.0  7.1  -7.8  7.6  -7.2
127.4  14.56  14.7  -15.0  7.1  -7.8  7.6  -7.2
127.5  14.54  14.7  -15.0  7.1  -7.8  7.6  -7.2
127.6  14.52  14.7  -15.0  7.1  -7.8  7.6  -7.2
127.7  14.49  14.7  -15.0  7.1  -7.8  7.6  -7.2
127.8  14.47  14.6  -14.9  7.0  -7.7  7.6  -7.2
127.9  14.45  14.6  -14.9  7.0  -7.7  7.6  -7.2
128.0  14.42  14.6  -14.9  7.0  -7.7  7.6  -7.2
128.1  14.4  14.6  -14.9  7.0  -7.7  7.6  -7.2
128.2  14.38  14.6  -14.9  7.0  -7.7  7.6  -7.2
128.3  14.36  14.6  -14.9  7.0  -7.7  7.6  -7.2
128.4  14.33  14.6  -14.9  7.0  -7.7  7.6  -7.2
128.5  14.31  14.6  -14.9  7.0  -7.7  7.6  -7.2
128.6  14.29  14.6  -14.9  7.0  -7.7  7.6  -7.2
128.7  14.27  14.6  -14.9  7.0  -7.7  7.6  -7.2
128.8  14.24  14.6  -14.9  7.0  -7.7  7.6  -7.2
128.9  14.22  14.6  -14.9  7.0  -7.7  7.6  -7.2
129.0  14.2  14.6  -14.9  7.0  -7.7  7.6  -7.2
129.1  14.18  14.6  -14.9  7.0  -7.7  7.6  -7.2
129.2  14.15  14.6  -14.9  7.0  -7.7  7.6  -7.2
129.3  14.13  14.6  -14.9  7.0  -7.7  7.6  -7.2
129.4  14.11  14.6  -14.9  7.0  -7.7  7.6  -7.2
129.5  14.09  14.6  -14.9  7.0  -7.7  7.6  -7.2
129.6  14.07  14.6  -14.9  7.0  -7.7  7.6  -7.2
129.7  14.04  14.6  -14.9  7.0  -7.7  7.6  -7.2
129.8  14.02  14.6  -14.9  7.0  -7.7  7.6  -7.2
129.9  14.0  14.6  -14.9  7.0  -7.7  7.6  -7.2
130.0  13.98  14.6  -14.9  7.0  -7.7  7.6  -7.2
130.5  13.87  14.6  -14.9  7.0  -7.7  7.6  -7.2
131.0  13.76  14.6  -14.9  7.0  -7.7  7.6  -7.2
131.5  13.66  14.6  -14.9  7.0  -7.7  7.6  -7.2
132.0  13.55  14.6  -14.9  7.0  -7.7  7.6  -7.2
132.5  13.45  14.6  -15.0  7.0  -7.7  7.6  -7.3
133.0  13.35  14.5  -14.9  6.9  -7.6  7.6  -7.3
133.5  13.24  14.5  -14.9  6.9  -7.6  7.6  -7.3
134.0  13.14  14.5  -14.9  6.9  -7.6  7.6  -7.3
134.5  13.05  14.5  -14.9  6.9  -7.6  7.6  -7.3
135.0  12.95  14.5  -14.9  6.9  -7.6  7.6  -7.3
135.5  12.85  14.5  -14.9  6.9  -7.6  7.6  -7.3
136.0  12.75  14.5  -14.9  6.9  -7.6  7.6  -7.3
136.5  12.66  14.5  -14.9  6.9  -7.6  7.6  -7.3
137.0  12.57  14.5  -14.9  6.9  -7.6  7.6  -7.3
137.5  12.47  14.5  -14.9  6.9  -7.6  7.6  -7.3
138.0  12.38  14.4  -14.8  6.8  -7.5  7.6  -7.3
138.5  12.29  14.4  -14.8  6.8  -7.5  7.6  -7.3
139.0  12.2  14.4  -14.8  6.8  -7.5  7.6  -7.3
139.5  12.11  14.4  -14.8  6.8  -7.5  7.6  -7.3
140.0  12.02  14.4  -14.8  6.8  -7.5  7.6  -7.3
140.5  11.93  14.4  -14.8  6.8  -7.5  7.6  -7.3
141.0  11.89  14.4  -14.8  6.8  -7.5  7.6  -7.3
141.5  11.81  14.4  -14.8  6.8  -7.5  7.6  -7.3
142.0  11.73  14.4  -14.8  6.8  -7.5  7.6  -7.3
142.5  11.64  14.4  -14.8  6.8  -7.5  7.6  -7.3
143.0  11.56  14.3  -14.9  6.7  -7.5  7.6  -7.4
143.5  11.48  14.3  -14.9  6.7  -7.5  7.6  -7.4
144.0  11.4  14.3  -14.9  6.7  -7.5  7.6  -7.4
144.5  11.32  14.3  -14.9  6.7  -7.5  7.6  -7.4
145.0  11.24  14.3  -14.9  6.7  -7.5  7.6  -7.4
145.5  11.17  14.3  -14.9  6.7  -7.5  7.6  -7.4
146.0  11.09  14.3  -14.9  6.7  -7.5  7.6  -7.4
146.5  11.02  14.3  -14.9  6.7  -7.5  7.6  -7.4
147.0  10.94  14.3  -14.9  6.7  -7.5  7.6  -7.4
147.5  10.87  14.3  -15.0  6.7  -7.5  7.6  -7.5
148.0  10.8  14.2  -15.0  6.6  -7.5  7.6  -7.5
148.5  10.72  14.2  -15.0  6.6  -7.5  7.6  -7.5
149.0  10.65  14.2  -14.9  6.6  -7.4  7.6  -7.5
149.5  10.58  14.2  -14.9  6.6  -7.4  7.6  -7.5
150.0  10.51  14.2  -14.9  6.6  -7.4  7.6  -7.5
152.0  10.24  14.2  -14.9  6.6  -7.4  7.6  -7.5
154.0  9.978  14.0  -14.8  6.5  -7.3  7.5  -7.5
156.0  9.723  14.0  -14.8  6.5  -7.3  7.5  -7.5
158.0  9.473  13.9  -14.8  6.4  -7.2  7.5  -7.6
160.0  9.223  13.9  -14.8  6.4  -7.2  7.5  -7.6
162.0  8.93  13.9  -14.8  6.4  -7.2  7.5  -7.6
164.0  8.586  13.9  -14.9  6.4  -7.2  7.5  -7.7
166.0  8.292  13.9  -14.9  6.4  -7.2  7.5  -7.7
168.0  8.029  13.9  -15.0  6.4  -7.2  7.5  -7.8
170.0  7.801  13.8  -14.9  6.3  -7.1  7.5  -7.8
172.0  7.585  13.8  -14.9  6.3  -7.1  7.5  -7.8
174.0  7.385  13.7  -14.8  6.2  -7.0  7.5  -7.8
176.0  7.199  13.7  -14.8  6.2  -7.0  7.5  -7.8
178.0  7.026  13.7  -14.8  6.2  -7.0  7.5  -7.8
180.0  6.856  13.7  -14.8  6.2  -7.0  7.5  -7.8
182.0  6.677  13.7  -14.8  6.2  -7.0  7.5  -7.8
184.0  6.477  13.6  -14.7  6.1  -6.9  7.5  -7.8
186.0  6.292  13.6  -14.7  6.1  -6.9  7.5  -7.8
188.0  6.124  13.6  -14.7  6.1  -6.9  7.5  -7.8
190.0  5.971  13.6  -14.7  6.1  -6.9  7.5  -7.8
192.0  5.823  13.6  -14.7  6.1  -6.9  7.5  -7.8
194.0  5.684  13.6  -14.6  6.1  -6.8  7.5  -7.8
196.0  5.547  13.6  -14.6  6.1  -6.8  7.5  -7.8
198.0  5.441  13.7  -14.6  6.1  -6.8  7.6  -7.8
200.0  5.356  13.6  -14.6  6.0  -6.8  7.6  -7.8
202.0  5.242  13.6  -14.6  6.0  -6.8  7.6  -7.8
204.0  5.169  13.6  -14.6  6.0  -6.8  7.6  -7.8
206.0  5.078  13.6  -14.6  6.0  -6.8  7.6  -7.8
208.0  4.982  13.6  -14.6  6.0  -6.7  7.6  -7.9
210.0  4.895  13.5  -14.6  6.0  -6.7  7.5  -7.9
212.0  4.806  13.6  -14.6  6.1  -6.7  7.5  -7.9
214.0  4.731  13.6  -14.6  6.1  -6.7  7.5  -7.9
216.0  4.668  13.7  -14.5  6.2  -6.6  7.5  -7.9
218.0  4.581  14.0  -14.5  6.4  -6.6  7.6  -7.9
220.0  4.502  14.1  -14.5  6.5  -6.6  7.6  -7.9
222.0  4.424  14.1  -14.5  6.5  -6.6  7.6  -7.9
224.0  4.357  14.0  -14.5  6.4  -6.6  7.6  -7.9
226.0  4.299  14.0  -14.5  6.3  -6.5  7.7  -8.0
228.0  4.224  13.8  -14.5  6.1  -6.5  7.7  -8.0
230.0  4.157  13.6  -14.5  5.9  -6.5  7.7  -8.0
232.0  4.094  13.6  -14.5  5.9  -6.5  7.7  -8.0
234.0  4.036  13.5  -14.5  5.8  -6.5  7.7  -8.0
236.0  3.971  13.5  -14.4  5.8  -6.4  7.7  -8.0
238.0  3.904  13.6  -14.4  5.9  -6.4  7.7  -8.0
240.0  3.835  13.6  -14.4  5.9  -6.4  7.7  -8.0
242.0  3.771  13.6  -14.4  5.9  -6.4  7.7  -8.0
244.0  3.709  13.6  -14.4  5.9  -6.4  7.7  -8.0
246.0  3.651  13.7  -14.4  5.9  -6.3  7.8  -8.1
248.0  3.596  13.6  -14.4  5.8  -6.3  7.8  -8.1
250.0  3.54  13.6  -14.4  5.8  -6.3  7.8  -8.1
252.0  3.486  13.6  -14.4  5.8  -6.3  7.8  -8.1
254.0  3.434  13.6  -14.4  5.8  -6.3  7.8  -8.1
256.0  3.383  13.6  -14.4  5.8  -6.3  7.8  -8.1
258.0  3.335  13.6  -14.4  5.8  -6.3  7.8  -8.1
260.0  3.288  13.6  -14.4  5.8  -6.3  7.8  -8.1
262.0  3.243  13.6  -14.4  5.8  -6.3  7.8  -8.1
264.0  3.199  13.6  -14.4  5.8  -6.3  7.8  -8.1
266.0  3.155  13.7  -14.4  5.8  -6.3  7.9  -8.1
268.0  3.113  13.7  -14.3  5.8  -6.2  7.9  -8.1
270.0  3.072  13.7  -14.3  5.8  -6.2  7.9  -8.1
272.0  3.033  13.7  -14.3  5.8  -6.2  7.9  -8.1
274.0  2.996  13.7  -14.3  5.8  -6.2  7.9  -8.1
276.0  2.959  13.7  -14.3  5.8  -6.1  7.9  -8.2
278.0  2.924  13.7  -14.3  5.8  -6.1  7.9  -8.2
280.0  2.889  13.7  -14.3  5.8  -6.1  7.9  -8.2
282.0  2.856  13.7  -14.3  5.8  -6.1  7.9  -8.2
284.0  2.824  13.7  -14.3  5.8  -6.1  7.9  -8.2
286.0  2.794  13.8  -14.4  5.8  -6.1  8.0  -8.3
288.0  2.764  13.8  -14.4  5.8  -6.1  8.0  -8.3
290.0  2.736  13.8  -14.4  5.8  -6.1  8.0  -8.3
292.0  2.708  13.8  -14.4  5.8  -6.1  8.0  -8.3
294.0  2.681  13.8  -14.4  5.8  -6.1  8.0  -8.3
296.0  2.656  13.8  -14.4  5.8  -6.1  8.0  -8.3
298.0  2.632  13.8  -14.3  5.8  -6.0  8.0  -8.3
300.0  2.608  13.8  -14.3  5.8  -6.0  8.0  -8.3
305.0  2.555  13.8  -14.3  5.8  -6.0  8.0  -8.3
310.0  2.51  13.9  -14.3  5.8  -6.0  8.1  -8.3
315.0  2.47  13.9  -14.4  5.8  -6.0  8.1  -8.4
320.0  2.436  14.0  -14.4  5.8  -6.0  8.2  -8.4
325.0  2.411  14.0  -14.4  5.8  -6.0  8.2  -8.4
330.0  2.397  14.1  -14.4  5.8  -6.0  8.3  -8.4
335.0  2.392  14.1  -14.3  5.8  -5.9  8.3  -8.4
340.0  2.402  14.1  -14.3  5.8  -5.9  8.3  -8.4
345.0  2.426  14.1  -14.3  5.8  -5.9  8.3  -8.4
350.0  2.423  14.2  -14.3  5.8  -5.9  8.4  -8.4
360.0  2.404  14.2  -14.4  5.8  -5.9  8.4  -8.5
370.0  2.359  14.2  -14.4  5.8  -5.8  8.4  -8.6
380.0  2.28  14.3  -14.2  5.9  -5.6  8.4  -8.6
390.0  2.172  14.5  -14.1  5.9  -5.5  8.6  -8.6
400.0  2.047  14.7  -14.0  5.9  -5.4  8.8  -8.6
420.0  1.775  15.0  -13.9  5.9  -5.3  9.1  -8.6
440.0  1.506  15.1  -14.0  5.9  -5.3  9.2  -8.7
460.0  1.262  15.2  -14.0  5.9  -5.3  9.3  -8.7
480.0  1.05  15.3  -14.0  5.9  -5.2  9.4  -8.8
500.0  0.8704  15.5  -14.1  6.0  -5.2  9.5  -8.9
520.0  0.7208  15.6  -14.2  6.0  -5.2  9.6  -9.0
540.0  0.5974  15.7  -14.2  6.0  -5.2  9.7  -9.0
560.0  0.4958  15.8  -14.3  6.0  -5.2  9.8  -9.1
580.0  0.4126  15.9  -14.4  6.0  -5.2  9.9  -9.2
600.0  0.3445  16.2  -14.6  6.1  -5.2  10.1  -9.4
620.0  0.2884  16.3  -14.7  6.1  -5.2  10.2  -9.5
640.0  0.2422  16.6  -14.9  6.2  -5.2  10.4  -9.7
660.0  0.2043  16.7  -15.0  6.2  -5.2  10.5  -9.8
680.0  0.1729  16.9  -15.1  6.3  -5.3  10.6  -9.8
700.0  0.1469  17.0  -15.2  6.3  -5.3  10.7  -9.9
720.0  0.1253  17.1  -15.3  6.3  -5.3  10.8  -10.0
740.0  0.1072  17.3  -15.5  6.4  -5.4  10.9  -10.1
760.0  0.092  17.4  -15.6  6.4  -5.4  11.0  -10.2
780.0  0.0794  17.6  -15.7  6.5  -5.4  11.1  -10.3
800.0  0.0687  17.7  -15.8  6.5  -5.4  11.2  -10.4
820.0  0.0596  17.9  -16.0  6.5  -5.4  11.4  -10.6
840.0  0.0519  18.2  -16.4  6.5  -5.5  11.7  -10.9
860.0  0.0454  18.4  -16.6  6.5  -5.5  11.9  -11.1
880.0  0.0398  18.9  -17.1  6.6  -5.6  12.3  -11.5
900.0  0.035  19.3  -17.4  6.7  -5.6  12.6  -11.8
920.0  0.0309  19.8  -17.8  6.8  -5.6  13.0  -12.2
940.0  0.0273  20.1  -18.2  6.8  -5.7  13.3  -12.5
960.0  0.0242  20.5  -18.6  6.8  -5.7  13.7  -12.9
980.0  0.0216  20.9  -18.9  6.9  -5.7  14.0  -13.2
1000.0  0.0192  21.2  -19.2  7.0  -5.7  14.2  -13.5
