80.0  2.808  3.3  -3.3  1.1  -1.1  2.2  -2.2
81.0  2.711  3.3  -3.3  1.1  -1.1  2.2  -2.2
82.0  2.619  3.2  -3.2  1.0  -1.0  2.2  -2.2
83.0  2.528  3.2  -3.2  1.0  -1.0  2.2  -2.2
84.0  2.442  3.2  -3.2  1.0  -1.0  2.2  -2.2
85.0  2.359  3.1  -3.1  1.0  -1.0  2.1  -2.1
86.0  2.279  3.2  -3.2  1.0  -1.0  2.2  -2.2
87.0  2.203  3.2  -3.2  1.0  -1.0  2.2  -2.2
88.0  2.129  3.2  -3.2  1.0  -1.0  2.2  -2.2
89.0  2.058  3.2  -3.2  1.0  -1.0  2.2  -2.2
90.0  1.99  3.2  -3.2  1.0  -1.0  2.2  -2.2
91.0  1.929  3.2  -3.2  1.0  -1.0  2.2  -2.2
92.0  1.866  3.2  -3.2  1.0  -1.0  2.2  -2.2
93.0  1.806  3.2  -3.2  1.0  -1.0  2.2  -2.2
94.0  1.749  3.2  -3.2  1.0  -1.0  2.2  -2.2
95.0  1.695  3.2  -3.2  1.0  -1.0  2.2  -2.2
96.0  1.641  3.2  -3.2  1.0  -1.0  2.2  -2.2
97.0  1.589  3.3  -3.3  1.0  -1.0  2.3  -2.3
98.0  1.54  3.3  -3.3  1.0  -1.0  2.3  -2.3
99.0  1.495  3.3  -3.3  1.0  -1.0  2.3  -2.3
100.0  1.447  3.3  -3.3  1.0  -1.0  2.3  -2.3
101.0  1.403  3.3  -3.3  1.0  -1.0  2.3  -2.3
102.0  1.36  3.3  -3.3  1.0  -1.0  2.3  -2.3
103.0  1.319  3.3  -3.3  1.0  -1.0  2.3  -2.3
104.0  1.28  3.3  -3.3  1.0  -1.0  2.3  -2.3
105.0  1.242  3.3  -3.3  1.0  -1.0  2.3  -2.3
106.0  1.204  3.3  -3.3  1.0  -1.0  2.3  -2.3
107.0  1.169  3.3  -3.3  1.0  -1.0  2.3  -2.3
108.0  1.135  3.3  -3.3  1.0  -1.0  2.3  -2.3
109.0  1.103  3.4  -3.4  1.0  -1.0  2.4  -2.4
110.0  1.071  3.4  -3.4  1.0  -1.0  2.4  -2.4
110.5  1.056  3.3  -3.3  1.0  -1.0  2.3  -2.3
111.0  1.04  3.3  -3.3  1.0  -1.0  2.3  -2.3
111.5  1.026  3.3  -3.3  1.0  -1.0  2.3  -2.3
112.0  1.01  3.3  -3.3  1.0  -1.0  2.3  -2.3
112.5  0.9959  3.3  -3.3  1.0  -1.0  2.3  -2.3
113.0  0.9813  3.3  -3.3  1.0  -1.0  2.3  -2.3
113.5  0.9676  3.3  -3.3  1.0  -1.0  2.3  -2.3
114.0  0.9535  3.3  -3.3  1.0  -1.0  2.3  -2.3
114.5  0.9395  3.3  -3.3  1.0  -1.0  2.3  -2.3
115.0  0.9266  3.3  -3.3  1.0  -1.0  2.3  -2.3
115.5  0.9135  3.3  -3.3  1.0  -1.0  2.3  -2.3
116.0  0.9002  3.3  -3.3  1.0  -1.0  2.3  -2.3
116.5  0.888  3.3  -3.3  1.0  -1.0  2.3  -2.3
117.0  0.8758  3.3  -3.3  1.0  -1.0  2.3  -2.3
117.5  0.8642  3.3  -3.3  1.0  -1.0  2.3  -2.3
118.0  0.8515  3.3  -3.3  1.0  -1.0  2.3  -2.3
118.5  0.8403  3.4  -3.4  1.0  -1.0  2.4  -2.4
119.0  0.8284  3.4  -3.4  1.0  -1.0  2.4  -2.4
119.5  0.817  3.4  -3.4  1.0  -1.0  2.4  -2.4
120.0  0.8052  3.5  -3.5  1.0  -1.0  2.5  -2.5
120.1  0.8034  3.4  -3.4  1.0  -1.0  2.4  -2.4
120.2  0.8009  3.4  -3.4  1.0  -1.0  2.4  -2.4
120.3  0.7992  3.4  -3.4  1.0  -1.0  2.4  -2.4
120.4  0.7967  3.4  -3.4  1.0  -1.0  2.4  -2.4
120.5  0.7946  3.2  -3.2  0.9  -0.9  2.3  -2.3
120.6  0.7928  3.3  -3.3  1.0  -1.0  2.3  -2.3
120.7  0.7902  3.3  -3.3  1.0  -1.0  2.3  -2.3
120.8  0.7881  3.3  -3.3  1.0  -1.0  2.3  -2.3
120.9  0.7863  3.3  -3.3  1.0  -1.0  2.3  -2.3
121.0  0.7844  3.3  -3.3  1.0  -1.0  2.3  -2.3
121.1  0.7825  3.3  -3.3  1.0  -1.0  2.3  -2.3
121.2  0.7802  3.3  -3.3  1.0  -1.0  2.3  -2.3
121.3  0.7782  3.3  -3.3  1.0  -1.0  2.3  -2.3
121.4  0.7758  3.4  -3.4  1.0  -1.0  2.4  -2.4
121.5  0.7737  3.4  -3.4  1.0  -1.0  2.4  -2.4
121.6  0.7713  3.4  -3.4  1.0  -1.0  2.4  -2.4
121.7  0.7697  3.3  -3.3  1.0  -1.0  2.3  -2.3
121.8  0.7675  3.3  -3.3  1.0  -1.0  2.3  -2.3
121.9  0.7653  3.3  -3.3  1.0  -1.0  2.3  -2.3
122.0  0.7631  3.3  -3.3  1.0  -1.0  2.3  -2.3
122.1  0.7612  3.3  -3.3  1.0  -1.0  2.3  -2.3
122.2  0.7589  3.3  -3.3  1.0  -1.0  2.3  -2.3
122.3  0.7573  3.4  -3.4  1.0  -1.0  2.4  -2.4
122.4  0.7555  3.4  -3.4  1.0  -1.0  2.4  -2.4
122.5  0.7533  3.4  -3.4  1.0  -1.0  2.4  -2.4
122.6  0.751  3.4  -3.4  1.0  -1.0  2.4  -2.4
122.7  0.7493  3.4  -3.4  1.0  -1.0  2.4  -2.4
122.8  0.7475  3.4  -3.4  1.0  -1.0  2.4  -2.4
122.9  0.7453  3.4  -3.4  1.0  -1.0  2.4  -2.4
123.0  0.7434  3.4  -3.4  1.0  -1.0  2.4  -2.4
123.1  0.7414  3.4  -3.4  1.0  -1.0  2.4  -2.4
123.2  0.7393  3.4  -3.4  1.0  -1.0  2.4  -2.4
123.3  0.7374  3.4  -3.4  1.0  -1.0  2.4  -2.4
123.4  0.7352  3.4  -3.4  1.0  -1.0  2.4  -2.4
123.5  0.7334  3.4  -3.4  1.0  -1.0  2.4  -2.4
123.6  0.7317  3.4  -3.4  1.0  -1.0  2.4  -2.4
123.7  0.7294  3.3  -3.3  1.0  -1.0  2.3  -2.3
123.8  0.7277  3.3  -3.3  1.0  -1.0  2.3  -2.3
123.9  0.7259  3.3  -3.3  1.0  -1.0  2.3  -2.3
124.0  0.7239  3.2  -3.2  0.9  -0.9  2.3  -2.3
124.1  0.7218  3.2  -3.2  0.9  -0.9  2.3  -2.3
124.2  0.7201  3.3  -3.3  1.0  -1.0  2.3  -2.3
124.3  0.7181  3.3  -3.3  1.0  -1.0  2.3  -2.3
124.4  0.7159  3.3  -3.3  1.0  -1.0  2.3  -2.3
124.5  0.7143  3.3  -3.3  1.0  -1.0  2.3  -2.3
124.6  0.7125  3.3  -3.3  1.0  -1.0  2.3  -2.3
124.7  0.7105  3.3  -3.3  1.0  -1.0  2.3  -2.3
124.8  0.7086  3.3  -3.3  1.0  -1.0  2.3  -2.3
124.9  0.7065  3.3  -3.3  1.0  -1.0  2.3  -2.3
125.0  0.7046  3.3  -3.3  1.0  -1.0  2.3  -2.3
125.1  0.7027  3.3  -3.3  1.0  -1.0  2.3  -2.3
125.2  0.7005  3.4  -3.4  1.0  -1.0  2.4  -2.4
125.3  0.6988  3.4  -3.4  1.0  -1.0  2.4  -2.4
125.4  0.697  3.4  -3.4  1.0  -1.0  2.4  -2.4
125.5  0.6951  3.4  -3.4  1.0  -1.0  2.4  -2.4
125.6  0.6931  3.4  -3.4  1.0  -1.0  2.4  -2.4
125.7  0.6913  3.3  -3.3  1.0  -1.0  2.3  -2.3
125.8  0.6895  3.3  -3.3  1.0  -1.0  2.3  -2.3
125.9  0.6878  3.3  -3.3  1.0  -1.0  2.3  -2.3
126.0  0.686  3.3  -3.3  1.0  -1.0  2.3  -2.3
126.1  0.6838  3.3  -3.3  1.0  -1.0  2.3  -2.3
126.2  0.6818  3.3  -3.3  1.0  -1.0  2.3  -2.3
126.3  0.6802  3.3  -3.3  1.0  -1.0  2.3  -2.3
126.4  0.6784  3.3  -3.3  1.0  -1.0  2.3  -2.3
126.5  0.6767  3.3  -3.3  1.0  -1.0  2.3  -2.3
126.6  0.6747  3.3  -3.3  1.0  -1.0  2.3  -2.3
126.7  0.6731  3.3  -3.3  1.0  -1.0  2.3  -2.3
126.8  0.6711  3.3  -3.3  1.0  -1.0  2.3  -2.3
126.9  0.6693  3.3  -3.3  1.0  -1.0  2.3  -2.3
127.0  0.6676  3.3  -3.3  1.0  -1.0  2.3  -2.3
127.1  0.6658  3.3  -3.3  1.0  -1.0  2.3  -2.3
127.2  0.664  3.3  -3.3  1.0  -1.0  2.3  -2.3
127.3  0.6623  3.4  -3.4  1.0  -1.0  2.4  -2.4
127.4  0.6605  3.4  -3.4  1.0  -1.0  2.4  -2.4
127.5  0.6588  3.4  -3.4  1.0  -1.0  2.4  -2.4
127.6  0.6572  3.4  -3.4  1.0  -1.0  2.4  -2.4
127.7  0.6553  3.4  -3.4  1.0  -1.0  2.4  -2.4
127.8  0.6535  3.4  -3.4  1.0  -1.0  2.4  -2.4
127.9  0.6518  3.4  -3.4  1.0  -1.0  2.4  -2.4
128.0  0.6501  3.4  -3.4  1.0  -1.0  2.4  -2.4
128.1  0.6485  3.4  -3.4  1.0  -1.0  2.4  -2.4
128.2  0.647  3.4  -3.4  1.0  -1.0  2.4  -2.4
128.3  0.6448  3.4  -3.4  1.0  -1.0  2.4  -2.4
128.4  0.643  3.4  -3.4  1.0  -1.0  2.4  -2.4
128.5  0.6415  3.4  -3.4  1.0  -1.0  2.4  -2.4
128.6  0.6398  3.4  -3.4  1.0  -1.0  2.4  -2.4
128.7  0.638  3.4  -3.4  1.0  -1.0  2.4  -2.4
128.8  0.6364  3.3  -3.3  1.0  -1.0  2.3  -2.3
128.9  0.6344  3.3  -3.3  1.0  -1.0  2.3  -2.3
129.0  0.6329  3.3  -3.3  1.0  -1.0  2.3  -2.3
129.1  0.631  3.3  -3.3  1.0  -1.0  2.3  -2.3
129.2  0.6294  3.3  -3.3  1.0  -1.0  2.3  -2.3
129.3  0.6278  3.4  -3.4  1.0  -1.0  2.4  -2.4
129.4  0.6264  3.4  -3.4  1.0  -1.0  2.4  -2.4
129.5  0.6247  3.4  -3.4  1.0  -1.0  2.4  -2.4
129.6  0.6233  3.4  -3.4  1.0  -1.0  2.4  -2.4
129.7  0.6216  3.3  -3.3  0.9  -0.9  2.4  -2.4
129.8  0.6201  3.3  -3.3  0.9  -0.9  2.4  -2.4
129.9  0.6185  3.3  -3.3  0.9  -0.9  2.4  -2.4
130.0  0.6169  3.3  -3.3  0.9  -0.9  2.4  -2.4
130.5  0.6085  3.3  -3.3  0.9  -0.9  2.4  -2.4
131.0  0.6005  3.4  -3.4  1.0  -1.0  2.4  -2.4
131.5  0.5929  3.4  -3.4  1.0  -1.0  2.4  -2.4
132.0  0.5856  3.4  -3.4  1.0  -1.0  2.4  -2.4
132.5  0.5778  3.5  -3.5  1.0  -1.0  2.5  -2.5
133.0  0.5703  3.5  -3.5  1.0  -1.0  2.5  -2.5
133.5  0.5632  3.5  -3.5  1.0  -1.0  2.5  -2.5
134.0  0.5556  3.5  -3.5  1.0  -1.0  2.5  -2.5
134.5  0.5487  3.5  -3.5  1.0  -1.0  2.5  -2.5
135.0  0.5416  3.5  -3.5  1.0  -1.0  2.5  -2.5
135.5  0.5347  3.5  -3.5  1.0  -1.0  2.5  -2.5
136.0  0.5277  3.5  -3.5  1.0  -1.0  2.5  -2.5
136.5  0.521  3.5  -3.5  1.0  -1.0  2.5  -2.5
137.0  0.5145  3.4  -3.4  1.0  -1.0  2.4  -2.4
137.5  0.508  3.4  -3.4  1.0  -1.0  2.4  -2.4
138.0  0.5018  3.4  -3.4  1.0  -1.0  2.4  -2.4
138.5  0.4955  3.4  -3.4  1.0  -1.0  2.4  -2.4
139.0  0.489  3.4  -3.4  1.0  -1.0  2.4  -2.4
139.5  0.4829  3.4  -3.4  1.0  -1.0  2.4  -2.4
140.0  0.4768  3.4  -3.4  1.0  -1.0  2.4  -2.4
140.5  0.4709  3.4  -3.4  1.0  -1.0  2.4  -2.4
141.0  0.4651  3.4  -3.4  1.0  -1.0  2.4  -2.4
141.5  0.4596  3.4  -3.4  1.0  -1.0  2.4  -2.4
142.0  0.454  3.5  -3.5  1.0  -1.0  2.5  -2.5
142.5  0.4484  3.5  -3.5  1.0  -1.0  2.5  -2.5
143.0  0.4426  3.5  -3.5  1.0  -1.0  2.5  -2.5
143.5  0.4376  3.5  -3.5  1.0  -1.0  2.5  -2.5
144.0  0.432  3.5  -3.5  1.0  -1.0  2.5  -2.5
144.5  0.4266  3.5  -3.5  1.0  -1.0  2.5  -2.5
145.0  0.4216  3.4  -3.4  1.0  -1.0  2.4  -2.4
145.5  0.4164  3.5  -3.5  1.0  -1.0  2.5  -2.5
146.0  0.4112  3.5  -3.5  1.0  -1.0  2.5  -2.5
146.5  0.4061  3.5  -3.5  1.0  -1.0  2.5  -2.5
147.0  0.4014  3.5  -3.5  1.0  -1.0  2.5  -2.5
147.5  0.3962  3.6  -3.6  1.0  -1.0  2.6  -2.6
148.0  0.3913  3.6  -3.6  1.0  -1.0  2.6  -2.6
148.5  0.3868  3.6  -3.6  1.0  -1.0  2.6  -2.6
149.0  0.3821  3.6  -3.6  1.0  -1.0  2.6  -2.6
149.5  0.3774  3.6  -3.6  1.0  -1.0  2.6  -2.6
150.0  0.3728  3.6  -3.6  1.0  -1.0  2.6  -2.6
152.0  0.3546  3.6  -3.6  1.0  -1.0  2.6  -2.6
154.0  0.3376  3.6  -3.6  1.0  -1.0  2.6  -2.6
156.0  0.3202  3.6  -3.6  1.0  -1.0  2.6  -2.6
158.0  0.3024  3.5  -3.5  1.0  -1.0  2.5  -2.5
160.0  0.2855  3.5  -3.5  1.0  -1.0  2.5  -2.5
162.0  0.2763  3.6  -3.6  1.0  -1.0  2.6  -2.6
164.0  0.2675  3.6  -3.6  1.0  -1.0  2.6  -2.6
166.0  0.2575  3.6  -3.6  1.0  -1.0  2.6  -2.6
168.0  0.2466  3.7  -3.7  1.0  -1.0  2.7  -2.7
170.0  0.2362  3.7  -3.7  1.0  -1.0  2.7  -2.7
172.0  0.2261  3.7  -3.7  1.0  -1.0  2.7  -2.7
174.0  0.2165  3.7  -3.7  1.0  -1.0  2.7  -2.7
176.0  0.2076  3.7  -3.7  1.0  -1.0  2.7  -2.7
178.0  0.1991  3.7  -3.7  1.0  -1.0  2.7  -2.7
180.0  0.1911  3.7  -3.7  1.0  -1.0  2.7  -2.7
182.0  0.1841  3.7  -3.7  1.0  -1.0  2.7  -2.7
184.0  0.1774  3.8  -3.8  1.0  -1.0  2.8  -2.8
186.0  0.1707  3.8  -3.8  1.0  -1.0  2.8  -2.8
188.0  0.1642  3.9  -3.9  1.1  -1.1  2.8  -2.8
190.0  0.1579  4.0  -4.0  1.1  -1.1  2.9  -2.9
192.0  0.152  4.0  -4.0  1.1  -1.1  2.9  -2.9
194.0  0.1464  4.0  -4.0  1.1  -1.1  2.9  -2.9
196.0  0.1409  4.0  -4.0  1.1  -1.1  2.9  -2.9
198.0  0.1356  4.0  -4.0  1.1  -1.1  2.9  -2.9
200.0  0.1305  4.0  -4.0  1.1  -1.1  2.9  -2.9
202.0  0.1257  4.0  -4.0  1.1  -1.1  2.9  -2.9
204.0  0.1211  4.0  -4.0  1.1  -1.1  2.9  -2.9
206.0  0.1168  4.0  -4.0  1.1  -1.1  2.9  -2.9
208.0  0.1127  4.0  -4.0  1.1  -1.1  2.9  -2.9
210.0  0.1087  4.1  -4.1  1.1  -1.1  3.0  -3.0
212.0  0.1048  4.1  -4.1  1.1  -1.1  3.0  -3.0
214.0  0.1011  4.1  -4.1  1.1  -1.1  3.0  -3.0
216.0  0.09761  4.1  -4.1  1.1  -1.1  3.0  -3.0
218.0  0.09427  4.1  -4.1  1.1  -1.1  3.0  -3.0
220.0  0.09098  4.1  -4.1  1.1  -1.1  3.0  -3.0
222.0  0.08792  4.2  -4.2  1.1  -1.1  3.1  -3.1
224.0  0.08496  4.3  -4.3  1.2  -1.2  3.1  -3.1
226.0  0.08212  4.3  -4.3  1.2  -1.2  3.1  -3.1
228.0  0.0794  4.3  -4.3  1.2  -1.2  3.1  -3.1
230.0  0.07678  4.3  -4.3  1.2  -1.2  3.1  -3.1
232.0  0.07424  4.3  -4.3  1.2  -1.2  3.1  -3.1
234.0  0.07181  4.3  -4.3  1.2  -1.2  3.1  -3.1
236.0  0.06944  4.3  -4.3  1.2  -1.2  3.1  -3.1
238.0  0.06718  4.4  -4.4  1.2  -1.2  3.2  -3.2
240.0  0.06501  4.3  -4.3  1.2  -1.2  3.1  -3.1
242.0  0.06294  4.4  -4.4  1.2  -1.2  3.2  -3.2
244.0  0.06094  4.4  -4.4  1.2  -1.2  3.2  -3.2
246.0  0.05902  4.4  -4.4  1.2  -1.2  3.2  -3.2
248.0  0.05719  4.4  -4.4  1.2  -1.2  3.2  -3.2
250.0  0.0554  4.5  -4.5  1.2  -1.2  3.3  -3.3
252.0  0.05367  4.5  -4.5  1.2  -1.2  3.3  -3.3
254.0  0.052  4.5  -4.5  1.2  -1.2  3.3  -3.3
256.0  0.0504  4.6  -4.6  1.3  -1.3  3.3  -3.3
258.0  0.04886  4.7  -4.7  1.3  -1.3  3.4  -3.4
260.0  0.04738  4.7  -4.7  1.3  -1.3  3.4  -3.4
262.0  0.04598  4.7  -4.7  1.3  -1.3  3.4  -3.4
264.0  0.04461  4.7  -4.7  1.3  -1.3  3.4  -3.4
266.0  0.04331  4.7  -4.7  1.3  -1.3  3.4  -3.4
268.0  0.04205  4.7  -4.7  1.3  -1.3  3.4  -3.4
270.0  0.04083  4.8  -4.8  1.3  -1.3  3.5  -3.5
272.0  0.03964  4.8  -4.8  1.3  -1.3  3.5  -3.5
274.0  0.03847  4.8  -4.8  1.3  -1.3  3.5  -3.5
276.0  0.03733  4.8  -4.8  1.3  -1.3  3.5  -3.5
278.0  0.03624  4.8  -4.8  1.3  -1.3  3.5  -3.5
280.0  0.03519  4.8  -4.8  1.3  -1.3  3.5  -3.5
282.0  0.03417  4.9  -4.9  1.3  -1.3  3.6  -3.6
284.0  0.0332  4.9  -4.9  1.3  -1.3  3.6  -3.6
286.0  0.03226  4.9  -4.9  1.3  -1.3  3.6  -3.6
288.0  0.03134  4.9  -4.9  1.3  -1.3  3.6  -3.6
290.0  0.03046  4.9  -4.9  1.3  -1.3  3.6  -3.6
292.0  0.0296  5.0  -5.0  1.4  -1.4  3.6  -3.6
294.0  0.02879  5.1  -5.1  1.4  -1.4  3.7  -3.7
296.0  0.02799  5.1  -5.1  1.4  -1.4  3.7  -3.7
298.0  0.02723  5.1  -5.1  1.4  -1.4  3.7  -3.7
300.0  0.02649  5.1  -5.1  1.4  -1.4  3.7  -3.7
305.0  0.02474  5.2  -5.2  1.4  -1.4  3.8  -3.8
310.0  0.02313  5.2  -5.2  1.4  -1.4  3.8  -3.8
315.0  0.0216  5.4  -5.4  1.5  -1.5  3.9  -3.9
320.0  0.02019  5.4  -5.4  1.5  -1.5  3.9  -3.9
325.0  0.01889  5.4  -5.4  1.5  -1.5  3.9  -3.9
330.0  0.01769  5.5  -5.5  1.5  -1.5  4.0  -4.0
335.0  0.01655  5.6  -5.6  1.5  -1.5  4.1  -4.1
340.0  0.0155  5.6  -5.6  1.5  -1.5  4.1  -4.1
345.0  0.01447  5.8  -5.8  1.6  -1.6  4.2  -4.2
350.0  0.01352  5.8  -5.8  1.6  -1.6  4.2  -4.2
360.0  0.01207  6.0  -6.0  1.6  -1.6  4.4  -4.4
370.0  0.01076  6.2  -6.2  1.7  -1.7  4.5  -4.5
380.0  0.009627  6.3  -6.3  1.7  -1.7  4.6  -4.6
390.0  0.008629  6.3  -6.3  1.7  -1.7  4.6  -4.6
400.0  0.007765  6.3  -6.3  1.7  -1.7  4.6  -4.6
