80.0  45.37  16.7  -15.9  8.8  -9.2  7.9  -6.7
81.0  44.31  16.7  -15.8  8.8  -9.1  7.9  -6.7
82.0  43.28  16.6  -15.7  8.7  -9.1  7.9  -6.6
83.0  42.29  16.6  -15.6  8.7  -9.0  7.9  -6.6
84.0  41.33  16.5  -15.6  8.6  -9.0  7.9  -6.6
85.0  40.41  16.5  -15.6  8.6  -9.0  7.9  -6.6
86.0  39.52  16.4  -15.5  8.5  -8.9  7.9  -6.6
87.0  38.66  16.4  -15.5  8.5  -8.9  7.9  -6.6
88.0  37.83  16.3  -15.4  8.4  -8.8  7.9  -6.6
89.0  37.02  16.2  -15.4  8.4  -8.8  7.8  -6.6
90.0  36.23  16.1  -15.4  8.3  -8.8  7.8  -6.6
91.0  35.49  16.1  -15.3  8.3  -8.7  7.8  -6.6
92.0  34.75  16.0  -15.2  8.2  -8.7  7.8  -6.5
93.0  34.04  16.0  -15.2  8.2  -8.7  7.8  -6.5
94.0  33.36  15.9  -15.1  8.1  -8.6  7.8  -6.5
95.0  32.69  15.9  -15.1  8.1  -8.6  7.8  -6.5
96.0  32.04  15.9  -15.1  8.1  -8.6  7.8  -6.5
97.0  31.41  15.8  -15.0  8.0  -8.5  7.8  -6.5
98.0  30.8  15.8  -15.0  8.0  -8.5  7.8  -6.5
99.0  30.21  15.8  -15.0  8.0  -8.5  7.8  -6.5
100.0  29.68  15.7  -14.9  7.9  -8.4  7.8  -6.5
101.0  29.12  15.7  -14.9  7.9  -8.4  7.8  -6.5
102.0  28.57  15.7  -14.9  7.9  -8.4  7.8  -6.5
103.0  28.04  15.6  -14.9  7.8  -8.4  7.8  -6.5
104.0  27.52  15.6  -14.8  7.8  -8.3  7.8  -6.5
105.0  27.01  15.5  -14.8  7.8  -8.3  7.7  -6.5
106.0  26.52  15.4  -14.9  7.7  -8.3  7.7  -6.6
107.0  26.05  15.4  -14.9  7.7  -8.3  7.7  -6.6
108.0  25.59  15.4  -14.8  7.7  -8.2  7.7  -6.6
109.0  25.14  15.3  -14.9  7.6  -8.2  7.7  -6.7
110.0  24.7  15.3  -14.9  7.6  -8.2  7.7  -6.7
110.5  24.48  15.3  -14.9  7.6  -8.2  7.7  -6.7
111.0  24.27  15.2  -14.9  7.6  -8.2  7.6  -6.7
111.5  24.06  15.1  -14.8  7.5  -8.1  7.6  -6.7
112.0  23.85  15.1  -14.8  7.5  -8.1  7.6  -6.7
112.5  23.64  15.1  -14.8  7.5  -8.1  7.6  -6.7
113.0  23.44  15.1  -14.8  7.5  -8.1  7.6  -6.7
113.5  23.24  15.1  -14.9  7.5  -8.1  7.6  -6.8
114.0  23.05  15.1  -14.9  7.5  -8.1  7.6  -6.8
114.5  22.85  15.1  -14.9  7.5  -8.1  7.6  -6.8
115.0  22.66  15.0  -14.9  7.4  -8.1  7.6  -6.8
115.5  22.47  15.0  -14.8  7.4  -8.0  7.6  -6.8
116.0  22.28  14.9  -14.8  7.4  -8.0  7.5  -6.8
116.5  22.1  14.9  -14.8  7.4  -8.0  7.5  -6.8
117.0  21.91  14.9  -14.8  7.4  -8.0  7.5  -6.8
117.5  21.73  14.9  -14.8  7.4  -8.0  7.5  -6.8
118.0  21.55  14.9  -14.8  7.4  -8.0  7.5  -6.8
118.5  21.38  14.8  -14.8  7.3  -8.0  7.5  -6.8
119.0  21.2  14.8  -14.8  7.3  -8.0  7.5  -6.8
119.5  21.03  14.8  -14.8  7.3  -8.0  7.5  -6.8
120.0  20.86  14.8  -14.8  7.3  -7.9  7.5  -6.9
120.1  20.83  14.8  -14.8  7.3  -7.9  7.5  -6.9
120.2  20.8  14.8  -14.8  7.3  -7.9  7.5  -6.9
120.3  20.76  14.8  -14.8  7.3  -7.9  7.5  -6.9
120.4  20.73  14.8  -14.8  7.3  -7.9  7.5  -6.9
120.5  20.69  14.8  -14.8  7.3  -7.9  7.5  -6.9
120.6  20.66  14.8  -14.8  7.3  -7.9  7.5  -6.9
120.7  20.63  14.8  -14.8  7.3  -7.9  7.5  -6.9
120.8  20.59  14.8  -14.8  7.3  -7.9  7.5  -6.9
120.9  20.56  14.8  -14.8  7.3  -7.9  7.5  -6.9
121.0  20.53  14.8  -14.8  7.3  -7.9  7.5  -6.9
121.1  20.5  14.8  -14.8  7.3  -7.9  7.5  -6.9
121.2  20.46  14.8  -14.8  7.3  -7.9  7.5  -6.9
121.3  20.43  14.8  -14.8  7.3  -7.9  7.5  -6.9
121.4  20.4  14.8  -14.8  7.3  -7.9  7.5  -6.9
121.5  20.36  14.8  -14.8  7.3  -7.9  7.5  -6.9
121.6  20.33  14.8  -14.8  7.3  -7.9  7.5  -6.9
121.7  20.3  14.8  -14.8  7.3  -7.9  7.5  -6.9
121.8  20.27  14.8  -14.8  7.3  -7.9  7.5  -6.9
121.9  20.23  14.8  -14.8  7.3  -7.9  7.5  -6.9
122.0  20.2  14.8  -14.8  7.3  -7.9  7.5  -6.9
122.1  20.17  14.8  -14.8  7.3  -7.9  7.5  -6.9
122.2  20.14  14.8  -14.8  7.3  -7.9  7.5  -6.9
122.3  20.11  14.7  -14.8  7.2  -7.9  7.5  -6.9
122.4  20.07  14.7  -14.8  7.2  -7.9  7.5  -6.9
122.5  20.04  14.7  -14.8  7.2  -7.9  7.5  -6.9
122.6  20.01  14.7  -14.8  7.2  -7.9  7.5  -6.9
122.7  19.98  14.7  -14.8  7.2  -7.9  7.5  -6.9
122.8  19.95  14.7  -14.8  7.2  -7.9  7.5  -6.9
122.9  19.92  14.7  -14.8  7.2  -7.9  7.5  -6.9
123.0  19.88  14.7  -14.8  7.2  -7.9  7.5  -6.9
123.1  19.85  14.7  -14.8  7.2  -7.9  7.5  -6.9
123.2  19.82  14.7  -14.8  7.2  -7.9  7.5  -6.9
123.3  19.79  14.7  -14.8  7.2  -7.9  7.5  -6.9
123.4  19.76  14.7  -14.8  7.2  -7.9  7.5  -6.9
123.5  19.73  14.7  -14.8  7.2  -7.9  7.5  -6.9
123.6  19.7  14.7  -14.8  7.2  -7.9  7.5  -6.9
123.7  19.67  14.7  -14.8  7.2  -7.9  7.5  -6.9
123.8  19.63  14.7  -14.8  7.2  -7.9  7.5  -6.9
123.9  19.6  14.7  -14.8  7.2  -7.9  7.5  -6.9
124.0  19.57  14.7  -14.8  7.2  -7.9  7.5  -6.9
124.1  19.54  14.7  -14.8  7.2  -7.9  7.5  -6.9
124.2  19.51  14.7  -14.8  7.2  -7.9  7.5  -6.9
124.3  19.48  14.7  -14.8  7.2  -7.9  7.5  -6.9
124.4  19.45  14.7  -14.8  7.2  -7.9  7.5  -6.9
124.5  19.42  14.7  -14.8  7.2  -7.9  7.5  -6.9
124.6  19.39  14.7  -14.8  7.2  -7.9  7.5  -6.9
124.7  19.36  14.7  -14.8  7.2  -7.9  7.5  -6.9
124.8  19.33  14.7  -14.7  7.2  -7.8  7.5  -6.9
124.9  19.3  14.7  -14.7  7.2  -7.8  7.5  -6.9
125.0  19.27  14.7  -14.7  7.2  -7.8  7.5  -6.9
125.1  19.24  14.7  -14.7  7.2  -7.8  7.5  -6.9
125.2  19.21  14.7  -14.7  7.2  -7.8  7.5  -6.9
125.3  19.18  14.7  -14.7  7.2  -7.8  7.5  -6.9
125.4  19.15  14.7  -14.7  7.2  -7.8  7.5  -6.9
125.5  19.12  14.7  -14.7  7.2  -7.8  7.5  -6.9
125.6  19.09  14.7  -14.7  7.2  -7.8  7.5  -6.9
125.7  19.06  14.7  -14.7  7.2  -7.8  7.5  -6.9
125.8  19.03  14.7  -14.7  7.2  -7.8  7.5  -6.9
125.9  19.0  14.7  -14.7  7.2  -7.8  7.5  -6.9
126.0  18.97  14.7  -14.7  7.2  -7.8  7.5  -6.9
126.1  18.94  14.7  -14.7  7.2  -7.8  7.5  -6.9
126.2  18.91  14.7  -14.7  7.2  -7.8  7.5  -6.9
126.3  18.88  14.7  -14.7  7.2  -7.8  7.5  -6.9
126.4  18.85  14.7  -14.7  7.2  -7.8  7.5  -6.9
126.5  18.82  14.7  -14.7  7.2  -7.8  7.5  -6.9
126.6  18.8  14.7  -14.7  7.2  -7.8  7.5  -6.9
126.7  18.77  14.7  -14.7  7.2  -7.8  7.5  -6.9
126.8  18.74  14.6  -14.7  7.1  -7.8  7.5  -6.9
126.9  18.71  14.6  -14.7  7.1  -7.8  7.5  -6.9
127.0  18.68  14.6  -14.7  7.1  -7.8  7.5  -6.9
127.1  18.65  14.6  -14.7  7.1  -7.8  7.5  -6.9
127.2  18.62  14.6  -14.7  7.1  -7.8  7.5  -6.9
127.3  18.59  14.6  -14.7  7.1  -7.8  7.5  -6.9
127.4  18.57  14.6  -14.7  7.1  -7.8  7.5  -6.9
127.5  18.54  14.6  -14.7  7.1  -7.8  7.5  -6.9
127.6  18.51  14.6  -14.7  7.1  -7.8  7.5  -6.9
127.7  18.48  14.6  -14.7  7.1  -7.8  7.5  -6.9
127.8  18.45  14.6  -14.7  7.1  -7.8  7.5  -6.9
127.9  18.42  14.6  -14.7  7.1  -7.8  7.5  -6.9
128.0  18.4  14.6  -14.7  7.1  -7.8  7.5  -6.9
128.1  18.37  14.6  -14.7  7.1  -7.8  7.5  -6.9
128.2  18.34  14.6  -14.7  7.1  -7.8  7.5  -6.9
128.3  18.31  14.6  -14.7  7.1  -7.8  7.5  -6.9
128.4  18.28  14.6  -14.7  7.1  -7.8  7.5  -6.9
128.5  18.26  14.6  -14.7  7.1  -7.8  7.5  -6.9
128.6  18.23  14.6  -14.7  7.1  -7.8  7.5  -6.9
128.7  18.2  14.6  -14.7  7.1  -7.8  7.5  -6.9
128.8  18.17  14.6  -14.7  7.1  -7.8  7.5  -6.9
128.9  18.15  14.6  -14.7  7.1  -7.8  7.5  -6.9
129.0  18.12  14.6  -14.7  7.1  -7.8  7.5  -6.9
129.1  18.09  14.6  -14.7  7.1  -7.8  7.5  -6.9
129.2  18.06  14.6  -14.7  7.1  -7.8  7.5  -6.9
129.3  18.04  14.6  -14.7  7.1  -7.8  7.5  -6.9
129.4  18.01  14.6  -14.7  7.1  -7.8  7.5  -6.9
129.5  17.98  14.6  -14.7  7.1  -7.8  7.5  -6.9
129.6  17.95  14.6  -14.7  7.1  -7.8  7.5  -6.9
129.7  17.93  14.6  -14.7  7.1  -7.8  7.5  -6.9
129.8  17.9  14.6  -14.6  7.1  -7.7  7.5  -6.9
129.9  17.87  14.6  -14.6  7.1  -7.7  7.5  -6.9
130.0  17.85  14.6  -14.6  7.1  -7.7  7.5  -6.9
130.5  17.71  14.6  -14.6  7.1  -7.7  7.5  -6.9
131.0  17.58  14.6  -14.7  7.1  -7.7  7.5  -7.0
131.5  17.45  14.5  -14.7  7.0  -7.7  7.5  -7.0
132.0  17.32  14.5  -14.7  7.0  -7.7  7.5  -7.0
132.5  17.19  14.5  -14.7  7.0  -7.7  7.5  -7.0
133.0  17.07  14.4  -14.7  7.0  -7.7  7.4  -7.0
133.5  16.94  14.4  -14.7  7.0  -7.7  7.4  -7.0
134.0  16.82  14.4  -14.7  7.0  -7.7  7.4  -7.0
134.5  16.69  14.4  -14.7  7.0  -7.7  7.4  -7.0
135.0  16.57  14.4  -14.7  7.0  -7.7  7.4  -7.0
135.5  16.45  14.4  -14.6  7.0  -7.6  7.4  -7.0
136.0  16.33  14.3  -14.6  6.9  -7.6  7.4  -7.0
136.5  16.22  14.3  -14.6  6.9  -7.6  7.4  -7.0
137.0  16.1  14.3  -14.6  6.9  -7.6  7.4  -7.0
137.5  15.98  14.3  -14.6  6.9  -7.6  7.4  -7.0
138.0  15.87  14.3  -14.5  6.9  -7.6  7.4  -6.9
138.5  15.76  14.3  -14.5  6.9  -7.6  7.4  -6.9
139.0  15.64  14.3  -14.5  6.9  -7.6  7.4  -6.9
139.5  15.53  14.3  -14.5  6.9  -7.6  7.4  -6.9
140.0  15.42  14.3  -14.5  6.9  -7.6  7.4  -6.9
140.5  15.32  14.3  -14.5  6.9  -7.6  7.4  -6.9
141.0  15.27  14.1  -14.5  6.8  -7.6  7.3  -6.9
141.5  15.16  14.1  -14.4  6.8  -7.5  7.3  -6.9
142.0  15.06  14.1  -14.4  6.8  -7.5  7.3  -6.9
142.5  14.96  14.1  -14.4  6.8  -7.5  7.3  -6.9
143.0  14.86  14.1  -14.4  6.8  -7.5  7.3  -6.9
143.5  14.76  14.1  -14.4  6.8  -7.5  7.3  -6.9
144.0  14.66  14.1  -14.4  6.8  -7.5  7.3  -6.9
144.5  14.56  14.1  -14.4  6.8  -7.5  7.3  -6.9
145.0  14.46  14.1  -14.4  6.8  -7.5  7.3  -6.9
145.5  14.37  14.1  -14.4  6.8  -7.5  7.3  -6.9
146.0  14.27  14.0  -14.4  6.7  -7.5  7.3  -6.9
146.5  14.18  14.0  -14.4  6.7  -7.5  7.3  -6.9
147.0  14.09  14.0  -14.4  6.7  -7.5  7.3  -6.9
147.5  14.0  14.0  -14.5  6.7  -7.5  7.3  -7.0
148.0  13.91  14.0  -14.4  6.7  -7.4  7.3  -7.0
148.5  13.82  14.0  -14.4  6.7  -7.4  7.3  -7.0
149.0  13.73  14.1  -14.4  6.7  -7.4  7.4  -7.0
149.5  13.64  14.1  -14.4  6.7  -7.4  7.4  -7.0
150.0  13.55  14.1  -14.4  6.7  -7.4  7.4  -7.0
152.0  13.22  14.0  -14.5  6.6  -7.4  7.4  -7.1
154.0  12.89  14.1  -14.4  6.6  -7.3  7.5  -7.1
156.0  12.58  14.1  -14.4  6.6  -7.3  7.5  -7.1
158.0  12.27  14.0  -14.4  6.5  -7.3  7.5  -7.1
160.0  11.96  14.0  -14.4  6.5  -7.3  7.5  -7.1
162.0  11.6  14.0  -14.4  6.5  -7.2  7.5  -7.2
164.0  11.17  13.9  -14.4  6.4  -7.2  7.5  -7.2
166.0  10.79  13.9  -14.5  6.4  -7.2  7.5  -7.3
168.0  10.46  13.9  -14.5  6.4  -7.2  7.5  -7.3
170.0  10.17  13.9  -14.5  6.4  -7.1  7.5  -7.4
172.0  9.897  13.8  -14.5  6.3  -7.1  7.5  -7.4
174.0  9.645  13.7  -14.5  6.3  -7.1  7.4  -7.4
176.0  9.41  13.7  -14.5  6.3  -7.1  7.4  -7.4
178.0  9.194  13.7  -14.5  6.3  -7.0  7.4  -7.5
180.0  8.98  13.6  -14.5  6.2  -7.0  7.4  -7.5
182.0  8.755  13.6  -14.5  6.2  -7.0  7.4  -7.5
184.0  8.501  13.6  -14.5  6.2  -7.0  7.4  -7.5
186.0  8.266  13.5  -14.4  6.1  -6.9  7.4  -7.5
188.0  8.053  13.5  -14.4  6.1  -6.9  7.4  -7.5
190.0  7.858  13.5  -14.4  6.1  -6.9  7.4  -7.5
192.0  7.671  13.5  -14.5  6.1  -6.9  7.4  -7.6
194.0  7.494  13.5  -14.5  6.1  -6.9  7.4  -7.6
196.0  7.32  13.4  -14.4  6.0  -6.8  7.4  -7.6
198.0  7.187  13.4  -14.5  6.0  -6.8  7.4  -7.7
200.0  7.081  13.4  -14.5  6.0  -6.8  7.4  -7.7
202.0  6.937  13.4  -14.5  6.0  -6.8  7.4  -7.7
204.0  6.846  13.4  -14.5  6.0  -6.8  7.4  -7.7
206.0  6.731  13.4  -14.4  6.0  -6.7  7.4  -7.7
208.0  6.609  13.4  -14.5  6.0  -6.7  7.4  -7.8
210.0  6.5  13.4  -14.5  6.0  -6.7  7.4  -7.8
212.0  6.387  13.4  -14.4  6.0  -6.7  7.4  -7.7
214.0  6.293  13.4  -14.4  6.0  -6.7  7.4  -7.7
216.0  6.214  13.3  -14.3  5.9  -6.6  7.4  -7.7
218.0  6.104  13.3  -14.2  5.9  -6.6  7.4  -7.6
220.0  6.003  13.2  -14.2  5.9  -6.6  7.3  -7.6
222.0  5.905  13.2  -14.2  5.9  -6.6  7.3  -7.6
224.0  5.821  13.3  -14.2  5.9  -6.6  7.4  -7.6
226.0  5.748  13.3  -14.2  5.9  -6.6  7.4  -7.6
228.0  5.653  13.3  -14.2  5.9  -6.5  7.4  -7.7
230.0  5.567  13.3  -14.2  5.9  -6.5  7.4  -7.7
232.0  5.487  13.3  -14.2  5.9  -6.5  7.4  -7.7
234.0  5.413  13.2  -14.2  5.9  -6.5  7.3  -7.7
236.0  5.327  13.2  -14.2  5.9  -6.5  7.3  -7.7
238.0  5.247  13.2  -14.2  5.9  -6.5  7.3  -7.7
240.0  5.159  13.2  -14.1  5.9  -6.4  7.3  -7.7
242.0  5.078  13.2  -14.1  5.9  -6.4  7.3  -7.7
244.0  4.999  13.2  -14.1  5.9  -6.4  7.3  -7.7
246.0  4.924  13.2  -14.1  5.8  -6.4  7.4  -7.7
248.0  4.854  13.2  -14.1  5.8  -6.4  7.4  -7.7
250.0  4.783  13.2  -14.1  5.8  -6.4  7.4  -7.7
252.0  4.714  13.2  -14.1  5.8  -6.4  7.4  -7.7
254.0  4.647  13.3  -13.9  5.8  -6.3  7.5  -7.6
256.0  4.582  13.3  -13.8  5.8  -6.3  7.5  -7.5
258.0  4.521  13.3  -13.7  5.8  -6.3  7.5  -7.4
260.0  4.461  13.4  -13.7  5.8  -6.3  7.6  -7.4
262.0  4.405  13.4  -13.8  5.8  -6.3  7.6  -7.5
264.0  4.35  13.4  -13.9  5.8  -6.3  7.6  -7.6
266.0  4.292  13.4  -14.0  5.8  -6.3  7.6  -7.7
268.0  4.237  13.4  -14.0  5.8  -6.2  7.6  -7.8
270.0  4.184  13.4  -14.1  5.8  -6.2  7.6  -7.9
272.0  4.134  13.4  -14.1  5.8  -6.2  7.6  -7.9
274.0  4.086  13.4  -14.1  5.8  -6.2  7.6  -7.9
276.0  4.04  13.4  -14.2  5.8  -6.2  7.6  -8.0
278.0  3.994  13.3  -14.2  5.7  -6.2  7.6  -8.0
280.0  3.95  13.3  -14.2  5.7  -6.2  7.6  -8.0
282.0  3.908  13.3  -14.2  5.7  -6.2  7.6  -8.0
284.0  3.867  13.3  -14.1  5.7  -6.1  7.6  -8.0
286.0  3.829  13.3  -14.1  5.7  -6.1  7.6  -8.0
288.0  3.792  13.3  -14.1  5.7  -6.1  7.6  -8.0
290.0  3.755  13.3  -14.1  5.7  -6.1  7.6  -8.0
292.0  3.72  13.3  -14.1  5.7  -6.1  7.6  -8.0
294.0  3.687  13.3  -14.1  5.7  -6.1  7.6  -8.0
296.0  3.654  13.3  -14.1  5.7  -6.1  7.6  -8.0
298.0  3.624  13.4  -14.0  5.7  -6.1  7.7  -7.9
300.0  3.594  13.4  -14.0  5.7  -6.1  7.7  -7.9
305.0  3.529  13.4  -13.9  5.7  -6.0  7.7  -7.9
310.0  3.472  13.4  -14.0  5.7  -6.0  7.7  -8.0
315.0  3.425  13.4  -14.0  5.7  -6.0  7.7  -8.0
320.0  3.383  13.4  -14.0  5.7  -6.0  7.7  -8.0
325.0  3.355  13.4  -14.1  5.7  -6.0  7.7  -8.1
330.0  3.341  13.5  -14.1  5.7  -6.0  7.8  -8.1
335.0  3.341  13.6  -14.0  5.7  -5.9  7.9  -8.1
340.0  3.359  13.6  -14.0  5.7  -5.9  7.9  -8.1
345.0  3.399  13.6  -14.1  5.7  -5.9  7.9  -8.2
350.0  3.401  13.7  -14.1  5.7  -5.9  8.0  -8.2
360.0  3.385  13.8  -14.1  5.8  -5.9  8.0  -8.2
370.0  3.332  13.9  -14.0  5.8  -5.8  8.1  -8.2
380.0  3.231  13.9  -13.8  5.8  -5.6  8.1  -8.2
390.0  3.089  14.0  -13.7  5.8  -5.5  8.2  -8.2
400.0  2.921  14.0  -13.6  5.8  -5.4  8.2  -8.2
420.0  2.55  14.1  -13.6  5.8  -5.3  8.3  -8.3
440.0  2.178  14.3  -13.7  5.8  -5.3  8.5  -8.4
460.0  1.837  14.5  -13.6  5.8  -5.2  8.7  -8.4
480.0  1.538  14.7  -13.7  5.8  -5.2  8.9  -8.5
500.0  1.283  14.9  -13.6  5.8  -5.1  9.1  -8.5
520.0  1.069  15.0  -13.7  5.8  -5.1  9.2  -8.6
540.0  0.8913  15.2  -13.7  5.8  -5.1  9.4  -8.6
560.0  0.7442  15.3  -13.8  5.9  -5.1  9.4  -8.7
580.0  0.6228  15.4  -13.8  5.9  -5.1  9.5  -8.7
600.0  0.523  15.4  -13.8  5.9  -5.0  9.5  -8.8
620.0  0.4403  15.5  -13.9  5.9  -5.0  9.6  -8.9
640.0  0.3719  15.6  -14.0  5.9  -5.0  9.7  -9.0
660.0  0.3153  15.7  -14.2  5.9  -5.1  9.8  -9.1
680.0  0.2682  15.9  -14.3  6.0  -5.1  9.9  -9.2
700.0  0.229  16.1  -14.4  6.0  -5.1  10.1  -9.3
720.0  0.1964  16.2  -14.6  6.0  -5.1  10.2  -9.5
740.0  0.1689  16.5  -14.7  6.1  -5.1  10.4  -9.6
760.0  0.1457  16.6  -14.9  6.1  -5.2  10.5  -9.7
780.0  0.1262  16.6  -15.0  6.1  -5.2  10.5  -9.8
800.0  0.1097  16.7  -15.0  6.1  -5.2  10.6  -9.8
820.0  0.0957  16.9  -15.0  6.2  -5.2  10.7  -9.8
840.0  0.0837  17.0  -15.1  6.2  -5.2  10.8  -9.9
860.0  0.0735  17.1  -15.3  6.2  -5.3  10.9  -10.0
880.0  0.0647  17.3  -15.4  6.3  -5.3  11.0  -10.1
900.0  0.0571  17.4  -15.5  6.3  -5.3  11.1  -10.2
920.0  0.0506  17.5  -15.7  6.3  -5.3  11.2  -10.4
940.0  0.045  17.8  -16.0  6.4  -5.4  11.4  -10.6
960.0  0.04  18.0  -16.2  6.4  -5.4  11.6  -10.8
980.0  0.0357  18.3  -16.4  6.5  -5.4  11.8  -11.0
1000.0  0.032  18.9  -16.6  6.9  -5.4  12.0  -11.2
