80.0  0.4277  12.7  -17.7  4.7  -9.7  8.0  -8.0
81.0  0.4152  12.7  -17.7  4.7  -9.7  8.0  -8.0
82.0  0.4032  12.7  -17.7  4.7  -9.7  8.0  -8.0
83.0  0.3915  12.7  -17.7  4.7  -9.7  8.0  -8.0
84.0  0.3803  12.7  -17.7  4.7  -9.7  8.0  -8.0
85.0  0.3694  12.6  -17.7  4.6  -9.7  8.0  -8.0
86.0  0.3589  12.6  -17.7  4.6  -9.7  8.0  -8.0
87.0  0.3487  12.6  -17.7  4.6  -9.7  8.0  -8.0
88.0  0.3389  12.6  -17.6  4.6  -9.6  8.0  -8.0
89.0  0.3294  12.5  -17.6  4.5  -9.6  8.0  -8.0
90.0  0.3202  12.5  -17.6  4.5  -9.6  8.0  -8.0
91.0  0.3113  12.5  -17.6  4.5  -9.6  8.0  -8.0
92.0  0.3027  12.5  -17.6  4.5  -9.6  8.0  -8.0
93.0  0.2944  12.4  -17.6  4.4  -9.6  8.0  -8.0
94.0  0.2864  12.4  -17.6  4.4  -9.6  8.0  -8.0
95.0  0.2786  12.4  -17.6  4.4  -9.6  8.0  -8.0
96.0  0.2711  12.4  -17.6  4.4  -9.6  8.0  -8.0
97.0  0.2638  12.3  -17.5  4.3  -9.5  8.0  -8.0
98.0  0.2567  12.3  -17.5  4.3  -9.5  8.0  -8.0
99.0  0.2499  12.3  -17.5  4.3  -9.5  8.0  -8.0
100.0  0.2433  12.3  -17.5  4.3  -9.5  8.0  -8.0
101.0  0.2369  12.3  -17.5  4.3  -9.5  8.0  -8.0
102.0  0.2308  12.2  -17.5  4.2  -9.5  8.0  -8.0
103.0  0.2248  12.3  -17.6  4.2  -9.5  8.1  -8.1
104.0  0.219  12.3  -17.6  4.2  -9.5  8.1  -8.1
105.0  0.2133  12.3  -17.6  4.2  -9.5  8.1  -8.1
106.0  0.2077  12.2  -17.5  4.1  -9.4  8.1  -8.1
107.0  0.2023  12.2  -17.5  4.1  -9.4  8.1  -8.1
108.0  0.1971  12.2  -17.5  4.1  -9.4  8.1  -8.1
109.0  0.192  12.2  -17.5  4.1  -9.4  8.1  -8.1
110.0  0.1871  12.2  -17.5  4.1  -9.4  8.1  -8.1
110.5  0.1847  12.2  -17.5  4.1  -9.4  8.1  -8.1
111.0  0.1824  12.1  -17.5  4.0  -9.4  8.1  -8.1
111.5  0.1801  12.1  -17.5  4.0  -9.4  8.1  -8.1
112.0  0.1779  12.1  -17.5  4.0  -9.4  8.1  -8.1
112.5  0.1757  12.1  -17.5  4.0  -9.4  8.1  -8.1
113.0  0.1735  12.1  -17.5  4.0  -9.4  8.1  -8.1
113.5  0.1713  12.1  -17.5  4.0  -9.4  8.1  -8.1
114.0  0.1692  12.1  -17.5  4.0  -9.4  8.1  -8.1
114.5  0.1671  12.1  -17.5  4.0  -9.4  8.1  -8.1
115.0  0.1651  12.1  -17.5  4.0  -9.4  8.1  -8.1
115.5  0.163  12.1  -17.5  4.0  -9.4  8.1  -8.1
116.0  0.161  12.0  -17.5  3.9  -9.4  8.1  -8.1
116.5  0.159  12.0  -17.4  3.9  -9.3  8.1  -8.1
117.0  0.1571  12.0  -17.4  3.9  -9.3  8.1  -8.1
117.5  0.1552  12.0  -17.4  3.9  -9.3  8.1  -8.1
118.0  0.1533  12.0  -17.4  3.9  -9.3  8.1  -8.1
118.5  0.1514  12.0  -17.4  3.9  -9.3  8.1  -8.1
119.0  0.1495  12.0  -17.4  3.9  -9.3  8.1  -8.1
119.5  0.1477  12.0  -17.4  3.9  -9.3  8.1  -8.1
120.0  0.1459  12.0  -17.4  3.9  -9.3  8.1  -8.1
120.1  0.1456  12.0  -17.4  3.9  -9.3  8.1  -8.1
120.2  0.1452  12.0  -17.4  3.9  -9.3  8.1  -8.1
120.3  0.1449  12.0  -17.4  3.9  -9.3  8.1  -8.1
120.4  0.1445  12.0  -17.4  3.9  -9.3  8.1  -8.1
120.5  0.1441  12.0  -17.4  3.9  -9.3  8.1  -8.1
120.6  0.1438  12.0  -17.4  3.9  -9.3  8.1  -8.1
120.7  0.1434  12.0  -17.4  3.9  -9.3  8.1  -8.1
120.8  0.1431  12.0  -17.4  3.9  -9.3  8.1  -8.1
120.9  0.1427  12.0  -17.4  3.9  -9.3  8.1  -8.1
121.0  0.1424  12.0  -17.4  3.9  -9.3  8.1  -8.1
121.1  0.142  12.0  -17.4  3.9  -9.3  8.1  -8.1
121.2  0.1417  12.0  -17.4  3.9  -9.3  8.1  -8.1
121.3  0.1414  11.9  -17.4  3.8  -9.3  8.1  -8.1
121.4  0.141  11.9  -17.4  3.8  -9.3  8.1  -8.1
121.5  0.1407  11.9  -17.4  3.8  -9.3  8.1  -8.1
121.6  0.1403  11.9  -17.4  3.8  -9.3  8.1  -8.1
121.7  0.14  11.9  -17.4  3.8  -9.3  8.1  -8.1
121.8  0.1396  11.9  -17.4  3.8  -9.3  8.1  -8.1
121.9  0.1393  11.9  -17.4  3.8  -9.3  8.1  -8.1
122.0  0.139  11.9  -17.4  3.8  -9.3  8.1  -8.1
122.1  0.1386  11.9  -17.4  3.8  -9.3  8.1  -8.1
122.2  0.1383  11.9  -17.4  3.8  -9.3  8.1  -8.1
122.3  0.138  11.9  -17.4  3.8  -9.3  8.1  -8.1
122.4  0.1376  11.9  -17.4  3.8  -9.3  8.1  -8.1
122.5  0.1373  11.9  -17.4  3.8  -9.3  8.1  -8.1
122.6  0.137  11.9  -17.4  3.8  -9.3  8.1  -8.1
122.7  0.1366  11.9  -17.4  3.8  -9.3  8.1  -8.1
122.8  0.1363  11.9  -17.4  3.8  -9.3  8.1  -8.1
122.9  0.136  11.9  -17.4  3.8  -9.3  8.1  -8.1
123.0  0.1356  11.9  -17.4  3.8  -9.3  8.1  -8.1
123.1  0.1353  11.9  -17.4  3.8  -9.3  8.1  -8.1
123.2  0.135  11.9  -17.4  3.8  -9.3  8.1  -8.1
123.3  0.1347  11.9  -17.4  3.8  -9.3  8.1  -8.1
123.4  0.1343  11.9  -17.4  3.8  -9.3  8.1  -8.1
123.5  0.134  11.9  -17.4  3.8  -9.3  8.1  -8.1
123.6  0.1337  11.9  -17.4  3.8  -9.3  8.1  -8.1
123.7  0.1334  11.9  -17.4  3.8  -9.3  8.1  -8.1
123.8  0.133  11.9  -17.4  3.8  -9.3  8.1  -8.1
123.9  0.1327  11.9  -17.4  3.8  -9.3  8.1  -8.1
124.0  0.1324  11.9  -17.4  3.8  -9.3  8.1  -8.1
124.1  0.1321  11.9  -17.4  3.8  -9.3  8.1  -8.1
124.2  0.1318  11.9  -17.4  3.8  -9.3  8.1  -8.1
124.3  0.1314  11.9  -17.4  3.8  -9.3  8.1  -8.1
124.4  0.1311  11.9  -17.4  3.8  -9.3  8.1  -8.1
124.5  0.1308  11.9  -17.4  3.8  -9.3  8.1  -8.1
124.6  0.1305  11.9  -17.4  3.8  -9.3  8.1  -8.1
124.7  0.1302  11.9  -17.4  3.8  -9.3  8.1  -8.1
124.8  0.1299  11.9  -17.4  3.8  -9.3  8.1  -8.1
124.9  0.1296  11.9  -17.4  3.8  -9.3  8.1  -8.1
125.0  0.1293  11.9  -17.4  3.8  -9.3  8.1  -8.1
125.1  0.129  11.9  -17.4  3.8  -9.3  8.1  -8.1
125.2  0.1286  11.9  -17.4  3.8  -9.3  8.1  -8.1
125.3  0.1283  11.9  -17.4  3.8  -9.3  8.1  -8.1
125.4  0.128  11.9  -17.4  3.8  -9.3  8.1  -8.1
125.5  0.1277  11.9  -17.4  3.8  -9.3  8.1  -8.1
125.6  0.1274  11.9  -17.4  3.8  -9.3  8.1  -8.1
125.7  0.1271  11.9  -17.4  3.8  -9.3  8.1  -8.1
125.8  0.1268  11.9  -17.4  3.8  -9.3  8.1  -8.1
125.9  0.1265  11.9  -17.4  3.8  -9.3  8.1  -8.1
126.0  0.1262  11.9  -17.4  3.8  -9.3  8.1  -8.1
126.1  0.1259  11.9  -17.4  3.8  -9.3  8.1  -8.1
126.2  0.1256  11.9  -17.4  3.8  -9.3  8.1  -8.1
126.3  0.1253  11.9  -17.4  3.8  -9.3  8.1  -8.1
126.4  0.125  11.9  -17.4  3.8  -9.3  8.1  -8.1
126.5  0.1247  11.9  -17.4  3.8  -9.3  8.1  -8.1
126.6  0.1245  11.9  -17.4  3.8  -9.3  8.1  -8.1
126.7  0.1242  11.9  -17.4  3.8  -9.3  8.1  -8.1
126.8  0.1239  11.9  -17.4  3.8  -9.3  8.1  -8.1
126.9  0.1236  11.9  -17.4  3.8  -9.3  8.1  -8.1
127.0  0.1233  11.9  -17.4  3.8  -9.3  8.1  -8.1
127.1  0.123  11.9  -17.4  3.8  -9.3  8.1  -8.1
127.2  0.1227  11.8  -17.4  3.7  -9.3  8.1  -8.1
127.3  0.1224  11.8  -17.4  3.7  -9.3  8.1  -8.1
127.4  0.1221  11.8  -17.4  3.7  -9.3  8.1  -8.1
127.5  0.1218  11.8  -17.4  3.7  -9.3  8.1  -8.1
127.6  0.1216  11.8  -17.4  3.7  -9.3  8.1  -8.1
127.7  0.1213  11.8  -17.4  3.7  -9.3  8.1  -8.1
127.8  0.121  11.8  -17.4  3.7  -9.3  8.1  -8.1
127.9  0.1207  11.8  -17.4  3.7  -9.3  8.1  -8.1
128.0  0.1204  11.8  -17.4  3.7  -9.3  8.1  -8.1
128.1  0.1201  11.8  -17.4  3.7  -9.3  8.1  -8.1
128.2  0.1199  11.8  -17.4  3.7  -9.3  8.1  -8.1
128.3  0.1196  11.8  -17.4  3.7  -9.3  8.1  -8.1
128.4  0.1193  11.8  -17.4  3.7  -9.3  8.1  -8.1
128.5  0.119  11.8  -17.3  3.7  -9.2  8.1  -8.1
128.6  0.1187  11.8  -17.3  3.7  -9.2  8.1  -8.1
128.7  0.1185  11.8  -17.3  3.7  -9.2  8.1  -8.1
128.8  0.1182  11.8  -17.3  3.7  -9.2  8.1  -8.1
128.9  0.1179  11.8  -17.3  3.7  -9.2  8.1  -8.1
129.0  0.1176  11.8  -17.3  3.7  -9.2  8.1  -8.1
129.1  0.1174  11.8  -17.3  3.7  -9.2  8.1  -8.1
129.2  0.1171  11.8  -17.3  3.7  -9.2  8.1  -8.1
129.3  0.1168  11.8  -17.3  3.7  -9.2  8.1  -8.1
129.4  0.1166  11.8  -17.3  3.7  -9.2  8.1  -8.1
129.5  0.1163  11.8  -17.3  3.7  -9.2  8.1  -8.1
129.6  0.116  11.8  -17.3  3.7  -9.2  8.1  -8.1
129.7  0.1157  11.8  -17.3  3.7  -9.2  8.1  -8.1
129.8  0.1155  11.8  -17.3  3.7  -9.2  8.1  -8.1
129.9  0.1152  11.8  -17.3  3.7  -9.2  8.1  -8.1
130.0  0.1149  11.8  -17.3  3.7  -9.2  8.1  -8.1
130.5  0.1136  11.8  -17.3  3.7  -9.2  8.1  -8.1
131.0  0.1123  11.8  -17.3  3.7  -9.2  8.1  -8.1
131.5  0.111  11.8  -17.3  3.7  -9.2  8.1  -8.1
132.0  0.1097  11.8  -17.3  3.7  -9.2  8.1  -8.1
132.5  0.1085  11.8  -17.3  3.7  -9.2  8.1  -8.1
133.0  0.1072  11.8  -17.3  3.7  -9.2  8.1  -8.1
133.5  0.106  11.7  -17.3  3.6  -9.2  8.1  -8.1
134.0  0.1048  11.7  -17.3  3.6  -9.2  8.1  -8.1
134.5  0.1036  11.7  -17.3  3.6  -9.2  8.1  -8.1
135.0  0.1024  11.7  -17.3  3.6  -9.2  8.1  -8.1
135.5  0.1013  11.7  -17.3  3.6  -9.2  8.1  -8.1
136.0  0.1001  11.7  -17.3  3.6  -9.2  8.1  -8.1
136.5  0.09898  11.8  -17.4  3.6  -9.2  8.2  -8.2
137.0  0.09787  11.8  -17.4  3.6  -9.2  8.2  -8.2
137.5  0.09677  11.8  -17.4  3.6  -9.2  8.2  -8.2
138.0  0.09569  11.8  -17.4  3.6  -9.2  8.2  -8.2
138.5  0.09462  11.8  -17.4  3.6  -9.2  8.2  -8.2
139.0  0.09356  11.8  -17.4  3.6  -9.2  8.2  -8.2
139.5  0.09252  11.8  -17.4  3.6  -9.2  8.2  -8.2
140.0  0.0915  11.8  -17.4  3.6  -9.2  8.2  -8.2
140.5  0.09049  11.7  -17.4  3.5  -9.2  8.2  -8.2
141.0  0.08949  11.7  -17.4  3.5  -9.2  8.2  -8.2
141.5  0.08851  11.7  -17.4  3.5  -9.2  8.2  -8.2
142.0  0.08754  11.7  -17.4  3.5  -9.2  8.2  -8.2
142.5  0.08659  11.7  -17.4  3.5  -9.2  8.2  -8.2
143.0  0.08564  11.7  -17.4  3.5  -9.2  8.2  -8.2
143.5  0.08471  11.7  -17.4  3.5  -9.2  8.2  -8.2
144.0  0.08379  11.7  -17.4  3.5  -9.2  8.2  -8.2
144.5  0.08289  11.7  -17.4  3.5  -9.2  8.2  -8.2
145.0  0.08199  11.7  -17.4  3.5  -9.2  8.2  -8.2
145.5  0.08111  11.7  -17.4  3.5  -9.2  8.2  -8.2
146.0  0.08023  11.7  -17.3  3.5  -9.1  8.2  -8.2
146.5  0.07937  11.7  -17.3  3.5  -9.1  8.2  -8.2
147.0  0.07851  11.7  -17.3  3.5  -9.1  8.2  -8.2
147.5  0.07767  11.7  -17.3  3.5  -9.1  8.2  -8.2
148.0  0.07684  11.7  -17.3  3.5  -9.1  8.2  -8.2
148.5  0.07602  11.7  -17.3  3.5  -9.1  8.2  -8.2
149.0  0.07521  11.7  -17.3  3.5  -9.1  8.2  -8.2
149.5  0.0744  11.6  -17.3  3.4  -9.1  8.2  -8.2
150.0  0.07361  11.6  -17.3  3.4  -9.1  8.2  -8.2
152.0  0.07053  11.6  -17.3  3.4  -9.1  8.2  -8.2
154.0  0.0676  11.6  -17.3  3.4  -9.1  8.2  -8.2
156.0  0.06485  11.6  -17.3  3.4  -9.1  8.2  -8.2
158.0  0.06225  11.7  -17.4  3.4  -9.1  8.3  -8.3
160.0  0.05978  11.7  -17.4  3.4  -9.1  8.3  -8.3
162.0  0.05743  11.7  -17.4  3.4  -9.1  8.3  -8.3
164.0  0.05519  11.6  -17.4  3.3  -9.1  8.3  -8.3
166.0  0.05304  11.7  -17.4  3.4  -9.1  8.3  -8.3
168.0  0.05099  11.7  -17.4  3.4  -9.1  8.3  -8.3
170.0  0.04904  11.7  -17.4  3.4  -9.1  8.3  -8.3
172.0  0.04719  11.7  -17.4  3.4  -9.1  8.3  -8.3
174.0  0.04543  11.7  -17.4  3.4  -9.1  8.3  -8.3
176.0  0.04375  11.7  -17.4  3.4  -9.1  8.3  -8.3
178.0  0.04215  11.8  -17.5  3.4  -9.1  8.4  -8.4
180.0  0.04061  11.7  -17.5  3.3  -9.1  8.4  -8.4
182.0  0.03913  11.7  -17.5  3.3  -9.1  8.4  -8.4
184.0  0.03772  11.7  -17.5  3.3  -9.1  8.4  -8.4
186.0  0.03638  11.7  -17.5  3.3  -9.1  8.4  -8.4
188.0  0.03511  11.8  -17.5  3.4  -9.1  8.4  -8.4
190.0  0.0339  11.8  -17.5  3.4  -9.1  8.4  -8.4
192.0  0.03274  11.8  -17.6  3.4  -9.2  8.4  -8.4
194.0  0.03164  11.8  -17.6  3.4  -9.2  8.4  -8.4
196.0  0.03058  11.9  -17.7  3.4  -9.2  8.5  -8.5
198.0  0.02956  11.9  -17.7  3.4  -9.2  8.5  -8.5
200.0  0.02858  11.9  -17.7  3.4  -9.2  8.5  -8.5
202.0  0.02765  12.0  -17.7  3.5  -9.2  8.5  -8.5
204.0  0.02676  12.0  -17.7  3.5  -9.2  8.5  -8.5
206.0  0.02591  12.0  -17.8  3.5  -9.3  8.5  -8.5
208.0  0.02509  12.1  -17.9  3.5  -9.3  8.6  -8.6
210.0  0.0243  12.2  -17.9  3.6  -9.3  8.6  -8.6
212.0  0.02354  12.2  -17.9  3.6  -9.3  8.6  -8.6
214.0  0.02281  12.2  -18.0  3.6  -9.4  8.6  -8.6
216.0  0.02211  12.3  -18.0  3.7  -9.4  8.6  -8.6
218.0  0.02144  12.3  -18.0  3.7  -9.4  8.6  -8.6
220.0  0.0208  12.4  -18.0  3.8  -9.4  8.6  -8.6
222.0  0.02018  12.5  -18.2  3.8  -9.5  8.7  -8.7
224.0  0.01959  12.6  -18.2  3.9  -9.5  8.7  -8.7
226.0  0.01903  12.6  -18.2  3.9  -9.5  8.7  -8.7
228.0  0.01848  12.7  -18.3  4.0  -9.6  8.7  -8.7
230.0  0.01796  12.7  -18.3  4.0  -9.6  8.7  -8.7
232.0  0.01745  12.8  -18.4  4.0  -9.6  8.8  -8.8
234.0  0.01696  12.8  -18.4  4.0  -9.6  8.8  -8.8
236.0  0.01649  12.8  -18.4  4.0  -9.6  8.8  -8.8
238.0  0.01604  12.8  -18.4  4.0  -9.6  8.8  -8.8
240.0  0.01561  12.9  -18.5  4.1  -9.7  8.8  -8.8
242.0  0.01519  12.9  -18.5  4.1  -9.7  8.8  -8.8
244.0  0.01479  13.0  -18.5  4.2  -9.7  8.8  -8.8
246.0  0.01441  13.2  -18.7  4.3  -9.8  8.9  -8.9
248.0  0.01404  13.2  -18.7  4.3  -9.8  8.9  -8.9
250.0  0.01368  13.3  -18.8  4.4  -9.9  8.9  -8.9
252.0  0.01333  13.4  -18.8  4.5  -9.9  8.9  -8.9
254.0  0.013  13.5  -18.9  4.6  -10.0  8.9  -8.9
256.0  0.01268  13.6  -19.0  4.6  -10.0  9.0  -9.0
258.0  0.01237  13.7  -19.0  4.7  -10.0  9.0  -9.0
260.0  0.01206  13.8  -19.1  4.8  -10.1  9.0  -9.0
262.0  0.01177  13.9  -19.1  4.9  -10.1  9.0  -9.0
264.0  0.01149  13.9  -19.2  4.9  -10.2  9.0  -9.0
266.0  0.01121  14.0  -19.2  5.0  -10.2  9.0  -9.0
268.0  0.01095  14.2  -19.4  5.1  -10.3  9.1  -9.1
270.0  0.0107  14.3  -19.4  5.2  -10.3  9.1  -9.1
272.0  0.01045  14.4  -19.5  5.3  -10.4  9.1  -9.1
274.0  0.01021  14.5  -19.5  5.4  -10.4  9.1  -9.1
276.0  0.009984  14.5  -19.6  5.4  -10.5  9.1  -9.1
278.0  0.009762  14.7  -19.7  5.5  -10.5  9.2  -9.2
280.0  0.009547  14.8  -19.8  5.6  -10.6  9.2  -9.2
282.0  0.009337  14.9  -19.8  5.7  -10.6  9.2  -9.2
284.0  0.009133  15.0  -19.9  5.8  -10.7  9.2  -9.2
286.0  0.008936  15.1  -19.9  5.9  -10.7  9.2  -9.2
288.0  0.008744  15.3  -20.1  6.0  -10.8  9.3  -9.3
290.0  0.008559  15.4  -20.1  6.1  -10.8  9.3  -9.3
292.0  0.008381  15.5  -20.2  6.2  -10.9  9.3  -9.3
294.0  0.008208  15.5  -20.3  6.2  -11.0  9.3  -9.3
296.0  0.008041  15.6  -20.3  6.3  -11.0  9.3  -9.3
298.0  0.007879  15.8  -20.5  6.4  -11.1  9.4  -9.4
300.0  0.007721  15.9  -20.5  6.5  -11.1  9.4  -9.4
305.0  0.007347  16.0  -20.6  6.5  -11.1  9.5  -9.5
310.0  0.006999  16.0  -20.7  6.4  -11.1  9.6  -9.6
315.0  0.006675  15.9  -20.8  6.2  -11.1  9.7  -9.7
320.0  0.006371  15.9  -20.9  6.1  -11.1  9.8  -9.8
325.0  0.006087  16.2  -21.1  6.2  -11.1  10.0  -10.0
330.0  0.005821  16.4  -21.3  6.3  -11.2  10.1  -10.1
335.0  0.005571  16.7  -21.5  6.5  -11.3  10.2  -10.2
340.0  0.005337  17.1  -21.8  6.7  -11.4  10.4  -10.4
345.0  0.005116  17.3  -22.0  6.8  -11.5  10.5  -10.5
350.0  0.004909  17.6  -22.3  6.9  -11.6  10.7  -10.7
360.0  0.004529  18.1  -22.7  7.2  -11.8  10.9  -10.9
370.0  0.004192  18.6  -23.2  7.4  -12.0  11.2  -11.2
380.0  0.003889  19.1  -23.5  7.7  -12.1  11.4  -11.4
390.0  0.003615  19.6  -24.0  7.9  -12.3  11.7  -11.7
400.0  0.003366  20.1  -24.5  8.1  -12.5  12.0  -12.0
