80.0  1.508  4.0  -4.0  1.9  -1.9  2.1  -2.1
81.0  1.459  4.0  -4.0  1.9  -1.9  2.1  -2.1
82.0  1.411  4.1  -4.1  2.0  -2.0  2.1  -2.1
83.0  1.366  4.1  -4.1  2.0  -2.0  2.1  -2.1
84.0  1.321  4.1  -4.1  2.0  -2.0  2.1  -2.1
85.0  1.281  4.1  -4.1  2.0  -2.0  2.1  -2.1
86.0  1.238  4.2  -4.2  2.1  -2.1  2.1  -2.1
87.0  1.2  4.2  -4.2  2.1  -2.1  2.1  -2.1
88.0  1.163  4.3  -4.3  2.1  -2.1  2.2  -2.2
89.0  1.126  4.3  -4.3  2.1  -2.1  2.2  -2.2
90.0  1.092  4.3  -4.3  2.1  -2.1  2.2  -2.2
91.0  1.059  4.4  -4.4  2.2  -2.2  2.2  -2.2
92.0  1.028  4.4  -4.4  2.2  -2.2  2.2  -2.2
93.0  0.9965  4.4  -4.4  2.2  -2.2  2.2  -2.2
94.0  0.967  4.5  -4.5  2.2  -2.2  2.3  -2.3
95.0  0.9383  4.6  -4.6  2.3  -2.3  2.3  -2.3
96.0  0.9109  4.6  -4.6  2.3  -2.3  2.3  -2.3
97.0  0.884  4.6  -4.6  2.3  -2.3  2.3  -2.3
98.0  0.8592  4.6  -4.6  2.3  -2.3  2.3  -2.3
99.0  0.834  4.7  -4.7  2.4  -2.4  2.3  -2.3
100.0  0.8102  4.7  -4.7  2.4  -2.4  2.3  -2.3
101.0  0.7876  4.7  -4.7  2.4  -2.4  2.3  -2.3
102.0  0.765  4.7  -4.7  2.4  -2.4  2.3  -2.3
103.0  0.7436  4.8  -4.8  2.5  -2.5  2.3  -2.3
104.0  0.7226  4.8  -4.8  2.5  -2.5  2.3  -2.3
105.0  0.7022  4.8  -4.8  2.5  -2.5  2.3  -2.3
106.0  0.6833  5.0  -5.0  2.6  -2.6  2.4  -2.4
107.0  0.6646  5.0  -5.0  2.6  -2.6  2.4  -2.4
108.0  0.6469  5.0  -5.0  2.6  -2.6  2.4  -2.4
109.0  0.6296  5.1  -5.1  2.7  -2.7  2.4  -2.4
110.0  0.6125  5.1  -5.1  2.7  -2.7  2.4  -2.4
110.5  0.604  5.1  -5.1  2.7  -2.7  2.4  -2.4
111.0  0.596  5.1  -5.1  2.7  -2.7  2.4  -2.4
111.5  0.588  5.2  -5.2  2.8  -2.8  2.4  -2.4
112.0  0.5803  5.2  -5.2  2.8  -2.8  2.4  -2.4
112.5  0.5725  5.2  -5.2  2.8  -2.8  2.4  -2.4
113.0  0.5646  5.2  -5.2  2.8  -2.8  2.4  -2.4
113.5  0.5573  5.2  -5.2  2.8  -2.8  2.4  -2.4
114.0  0.5501  5.2  -5.2  2.8  -2.8  2.4  -2.4
114.5  0.5427  5.2  -5.2  2.8  -2.8  2.4  -2.4
115.0  0.5358  5.3  -5.3  2.8  -2.8  2.5  -2.5
115.5  0.5286  5.3  -5.3  2.8  -2.8  2.5  -2.5
116.0  0.5218  5.4  -5.4  2.9  -2.9  2.5  -2.5
116.5  0.5152  5.4  -5.4  2.9  -2.9  2.5  -2.5
117.0  0.5083  5.4  -5.4  2.9  -2.9  2.5  -2.5
117.5  0.502  5.5  -5.5  3.0  -3.0  2.5  -2.5
118.0  0.4956  5.5  -5.5  3.0  -3.0  2.5  -2.5
118.5  0.4893  5.5  -5.5  3.0  -3.0  2.5  -2.5
119.0  0.4829  5.5  -5.5  3.0  -3.0  2.5  -2.5
119.5  0.4772  5.5  -5.5  3.0  -3.0  2.5  -2.5
120.0  0.471  5.5  -5.5  3.0  -3.0  2.5  -2.5
120.1  0.4698  5.5  -5.5  3.0  -3.0  2.5  -2.5
120.2  0.4685  5.5  -5.5  3.0  -3.0  2.5  -2.5
120.3  0.4675  5.5  -5.5  3.0  -3.0  2.5  -2.5
120.4  0.4661  5.5  -5.5  3.0  -3.0  2.5  -2.5
120.5  0.4648  5.5  -5.5  3.0  -3.0  2.5  -2.5
120.6  0.4636  5.5  -5.5  3.0  -3.0  2.5  -2.5
120.7  0.4625  5.5  -5.5  3.0  -3.0  2.5  -2.5
120.8  0.4613  5.5  -5.5  3.0  -3.0  2.5  -2.5
120.9  0.4601  5.5  -5.5  3.0  -3.0  2.5  -2.5
121.0  0.4589  5.5  -5.5  3.0  -3.0  2.5  -2.5
121.1  0.458  5.5  -5.5  3.0  -3.0  2.5  -2.5
121.2  0.4567  5.5  -5.5  3.0  -3.0  2.5  -2.5
121.3  0.4556  5.5  -5.5  3.0  -3.0  2.5  -2.5
121.4  0.4545  5.4  -5.4  3.0  -3.0  2.4  -2.4
121.5  0.4535  5.4  -5.4  3.0  -3.0  2.4  -2.4
121.6  0.4522  5.4  -5.4  3.0  -3.0  2.4  -2.4
121.7  0.4509  5.4  -5.4  3.0  -3.0  2.4  -2.4
121.8  0.4498  5.5  -5.5  3.0  -3.0  2.5  -2.5
121.9  0.4488  5.5  -5.5  3.0  -3.0  2.5  -2.5
122.0  0.4478  5.5  -5.5  3.0  -3.0  2.5  -2.5
122.1  0.4468  5.5  -5.5  3.0  -3.0  2.5  -2.5
122.2  0.4457  5.5  -5.5  3.0  -3.0  2.5  -2.5
122.3  0.4444  5.5  -5.5  3.0  -3.0  2.5  -2.5
122.4  0.4434  5.6  -5.6  3.0  -3.0  2.6  -2.6
122.5  0.4421  5.6  -5.6  3.0  -3.0  2.6  -2.6
122.6  0.4409  5.6  -5.6  3.0  -3.0  2.6  -2.6
122.7  0.4396  5.6  -5.6  3.0  -3.0  2.6  -2.6
122.8  0.4385  5.7  -5.7  3.1  -3.1  2.6  -2.6
122.9  0.4376  5.6  -5.6  3.1  -3.1  2.5  -2.5
123.0  0.4366  5.6  -5.6  3.1  -3.1  2.5  -2.5
123.1  0.4356  5.7  -5.7  3.1  -3.1  2.6  -2.6
123.2  0.4346  5.7  -5.7  3.1  -3.1  2.6  -2.6
123.3  0.4335  5.7  -5.7  3.1  -3.1  2.6  -2.6
123.4  0.4325  5.7  -5.7  3.1  -3.1  2.6  -2.6
123.5  0.4311  5.7  -5.7  3.1  -3.1  2.6  -2.6
123.6  0.4301  5.7  -5.7  3.1  -3.1  2.6  -2.6
123.7  0.4292  5.7  -5.7  3.1  -3.1  2.6  -2.6
123.8  0.428  5.6  -5.6  3.1  -3.1  2.5  -2.5
123.9  0.4271  5.6  -5.6  3.1  -3.1  2.5  -2.5
124.0  0.426  5.5  -5.5  3.1  -3.1  2.4  -2.4
124.1  0.4249  5.5  -5.5  3.1  -3.1  2.4  -2.4
124.2  0.4238  5.5  -5.5  3.1  -3.1  2.4  -2.4
124.3  0.4228  5.5  -5.5  3.1  -3.1  2.4  -2.4
124.4  0.4217  5.7  -5.7  3.2  -3.2  2.5  -2.5
124.5  0.4206  5.7  -5.7  3.2  -3.2  2.5  -2.5
124.6  0.4194  5.7  -5.7  3.2  -3.2  2.5  -2.5
124.7  0.4185  5.6  -5.6  3.1  -3.1  2.5  -2.5
124.8  0.4174  5.6  -5.6  3.1  -3.1  2.5  -2.5
124.9  0.4164  5.6  -5.6  3.1  -3.1  2.5  -2.5
125.0  0.4153  5.6  -5.6  3.1  -3.1  2.5  -2.5
125.1  0.4142  5.6  -5.6  3.1  -3.1  2.5  -2.5
125.2  0.4133  5.6  -5.6  3.1  -3.1  2.5  -2.5
125.3  0.4123  5.6  -5.6  3.1  -3.1  2.5  -2.5
125.4  0.4112  5.6  -5.6  3.1  -3.1  2.5  -2.5
125.5  0.4102  5.6  -5.6  3.1  -3.1  2.5  -2.5
125.6  0.4091  5.7  -5.7  3.2  -3.2  2.5  -2.5
125.7  0.4082  5.7  -5.7  3.2  -3.2  2.5  -2.5
125.8  0.407  5.7  -5.7  3.2  -3.2  2.5  -2.5
125.9  0.4061  5.7  -5.7  3.2  -3.2  2.5  -2.5
126.0  0.405  5.7  -5.7  3.2  -3.2  2.5  -2.5
126.1  0.4042  5.7  -5.7  3.2  -3.2  2.5  -2.5
126.2  0.403  5.7  -5.7  3.2  -3.2  2.5  -2.5
126.3  0.402  5.7  -5.7  3.2  -3.2  2.5  -2.5
126.4  0.401  5.7  -5.7  3.2  -3.2  2.5  -2.5
126.5  0.4  5.7  -5.7  3.2  -3.2  2.5  -2.5
126.6  0.399  5.7  -5.7  3.2  -3.2  2.5  -2.5
126.7  0.398  5.7  -5.7  3.2  -3.2  2.5  -2.5
126.8  0.397  5.7  -5.7  3.2  -3.2  2.5  -2.5
126.9  0.3962  5.8  -5.8  3.2  -3.2  2.6  -2.6
127.0  0.3953  5.8  -5.8  3.2  -3.2  2.6  -2.6
127.1  0.3943  5.8  -5.8  3.2  -3.2  2.6  -2.6
127.2  0.3932  5.7  -5.7  3.2  -3.2  2.5  -2.5
127.3  0.3921  5.7  -5.7  3.2  -3.2  2.5  -2.5
127.4  0.3912  5.7  -5.7  3.2  -3.2  2.5  -2.5
127.5  0.3901  5.7  -5.7  3.2  -3.2  2.5  -2.5
127.6  0.3892  5.7  -5.7  3.2  -3.2  2.5  -2.5
127.7  0.3883  5.7  -5.7  3.2  -3.2  2.5  -2.5
127.8  0.3874  5.6  -5.6  3.2  -3.2  2.4  -2.4
127.9  0.3863  5.6  -5.6  3.2  -3.2  2.4  -2.4
128.0  0.3856  5.7  -5.7  3.3  -3.3  2.4  -2.4
128.1  0.3847  5.8  -5.8  3.3  -3.3  2.5  -2.5
128.2  0.3838  5.7  -5.7  3.2  -3.2  2.5  -2.5
128.3  0.383  5.7  -5.7  3.2  -3.2  2.5  -2.5
128.4  0.3819  5.8  -5.8  3.2  -3.2  2.6  -2.6
128.5  0.3809  5.8  -5.8  3.2  -3.2  2.6  -2.6
128.6  0.3799  5.8  -5.8  3.2  -3.2  2.6  -2.6
128.7  0.379  5.9  -5.9  3.3  -3.3  2.6  -2.6
128.8  0.378  5.9  -5.9  3.3  -3.3  2.6  -2.6
128.9  0.377  5.9  -5.9  3.3  -3.3  2.6  -2.6
129.0  0.3762  5.9  -5.9  3.3  -3.3  2.6  -2.6
129.1  0.3751  5.9  -5.9  3.3  -3.3  2.6  -2.6
129.2  0.3741  5.9  -5.9  3.3  -3.3  2.6  -2.6
129.3  0.3731  5.9  -5.9  3.3  -3.3  2.6  -2.6
129.4  0.3723  5.9  -5.9  3.3  -3.3  2.6  -2.6
129.5  0.3714  5.9  -5.9  3.3  -3.3  2.6  -2.6
129.6  0.3705  5.8  -5.8  3.3  -3.3  2.5  -2.5
129.7  0.3696  5.8  -5.8  3.3  -3.3  2.5  -2.5
129.8  0.3688  5.8  -5.8  3.3  -3.3  2.5  -2.5
129.9  0.3679  5.8  -5.8  3.3  -3.3  2.5  -2.5
130.0  0.3671  5.7  -5.7  3.3  -3.3  2.4  -2.4
130.5  0.3626  5.8  -5.8  3.3  -3.3  2.5  -2.5
131.0  0.3583  5.8  -5.8  3.3  -3.3  2.5  -2.5
131.5  0.3539  5.8  -5.8  3.3  -3.3  2.5  -2.5
132.0  0.3498  5.8  -5.8  3.3  -3.3  2.5  -2.5
132.5  0.3457  6.0  -6.0  3.4  -3.4  2.6  -2.6
133.0  0.3418  6.0  -6.0  3.4  -3.4  2.6  -2.6
133.5  0.3376  6.0  -6.0  3.4  -3.4  2.6  -2.6
134.0  0.3337  6.0  -6.0  3.4  -3.4  2.6  -2.6
134.5  0.3297  6.0  -6.0  3.4  -3.4  2.6  -2.6
135.0  0.3259  6.2  -6.2  3.5  -3.5  2.7  -2.7
135.5  0.3221  6.1  -6.1  3.5  -3.5  2.6  -2.6
136.0  0.3184  6.1  -6.1  3.5  -3.5  2.6  -2.6
136.5  0.3145  6.1  -6.1  3.5  -3.5  2.6  -2.6
137.0  0.3109  6.1  -6.1  3.5  -3.5  2.6  -2.6
137.5  0.3073  6.2  -6.2  3.6  -3.6  2.6  -2.6
138.0  0.3036  6.2  -6.2  3.6  -3.6  2.6  -2.6
138.5  0.3003  6.2  -6.2  3.6  -3.6  2.6  -2.6
139.0  0.2966  6.3  -6.3  3.6  -3.6  2.7  -2.7
139.5  0.2933  6.3  -6.3  3.6  -3.6  2.7  -2.7
140.0  0.2898  6.3  -6.3  3.6  -3.6  2.7  -2.7
140.5  0.2865  6.3  -6.3  3.6  -3.6  2.7  -2.7
141.0  0.2831  6.3  -6.3  3.6  -3.6  2.7  -2.7
141.5  0.2799  6.3  -6.3  3.6  -3.6  2.7  -2.7
142.0  0.2769  6.3  -6.3  3.6  -3.6  2.7  -2.7
142.5  0.2736  6.3  -6.3  3.6  -3.6  2.7  -2.7
143.0  0.2705  6.4  -6.4  3.7  -3.7  2.7  -2.7
143.5  0.2674  6.4  -6.4  3.7  -3.7  2.7  -2.7
144.0  0.2644  6.4  -6.4  3.7  -3.7  2.7  -2.7
144.5  0.2613  6.5  -6.5  3.8  -3.8  2.7  -2.7
145.0  0.2583  6.5  -6.5  3.8  -3.8  2.7  -2.7
145.5  0.2554  6.5  -6.5  3.8  -3.8  2.7  -2.7
146.0  0.2527  6.5  -6.5  3.8  -3.8  2.7  -2.7
146.5  0.2497  6.5  -6.5  3.8  -3.8  2.7  -2.7
147.0  0.2469  6.5  -6.5  3.8  -3.8  2.7  -2.7
147.5  0.2442  6.5  -6.5  3.8  -3.8  2.7  -2.7
148.0  0.2415  6.5  -6.5  3.8  -3.8  2.7  -2.7
148.5  0.2387  6.5  -6.5  3.8  -3.8  2.7  -2.7
149.0  0.2361  6.5  -6.5  3.8  -3.8  2.7  -2.7
149.5  0.2334  6.6  -6.6  3.9  -3.9  2.7  -2.7
150.0  0.2308  6.6  -6.6  3.9  -3.9  2.7  -2.7
152.0  0.2207  6.6  -6.6  3.9  -3.9  2.7  -2.7
154.0  0.2109  6.8  -6.8  4.0  -4.0  2.8  -2.8
156.0  0.201  6.9  -6.9  4.1  -4.1  2.8  -2.8
158.0  0.1911  6.9  -6.9  4.1  -4.1  2.8  -2.8
160.0  0.1816  7.0  -7.0  4.2  -4.2  2.8  -2.8
162.0  0.1762  7.0  -7.0  4.2  -4.2  2.8  -2.8
164.0  0.1708  7.0  -7.0  4.2  -4.2  2.8  -2.8
166.0  0.1649  7.0  -7.0  4.2  -4.2  2.8  -2.8
168.0  0.1582  7.1  -7.1  4.3  -4.3  2.8  -2.8
170.0  0.1518  7.2  -7.2  4.3  -4.3  2.9  -2.9
172.0  0.1457  7.2  -7.2  4.3  -4.3  2.9  -2.9
174.0  0.1398  7.3  -7.3  4.4  -4.4  2.9  -2.9
176.0  0.134  7.3  -7.3  4.4  -4.4  2.9  -2.9
178.0  0.1284  7.4  -7.4  4.5  -4.5  2.9  -2.9
180.0  0.1231  7.5  -7.5  4.6  -4.6  2.9  -2.9
182.0  0.1187  7.5  -7.5  4.6  -4.6  2.9  -2.9
184.0  0.1145  7.5  -7.5  4.6  -4.6  2.9  -2.9
186.0  0.1103  7.6  -7.6  4.6  -4.6  3.0  -3.0
188.0  0.1062  7.6  -7.6  4.6  -4.6  3.0  -3.0
190.0  0.1022  7.6  -7.6  4.6  -4.6  3.0  -3.0
192.0  0.09848  7.6  -7.6  4.6  -4.6  3.0  -3.0
194.0  0.09489  7.6  -7.6  4.6  -4.6  3.0  -3.0
196.0  0.09146  7.6  -7.6  4.6  -4.6  3.0  -3.0
198.0  0.08813  7.6  -7.6  4.6  -4.6  3.0  -3.0
200.0  0.08491  7.8  -7.8  4.7  -4.7  3.1  -3.1
202.0  0.08192  7.8  -7.8  4.7  -4.7  3.1  -3.1
204.0  0.07896  7.8  -7.8  4.7  -4.7  3.1  -3.1
206.0  0.07613  7.8  -7.8  4.7  -4.7  3.1  -3.1
208.0  0.07344  7.8  -7.8  4.6  -4.6  3.2  -3.2
210.0  0.07082  7.8  -7.8  4.6  -4.6  3.2  -3.2
212.0  0.06834  7.8  -7.8  4.6  -4.6  3.2  -3.2
214.0  0.06593  7.8  -7.8  4.6  -4.6  3.2  -3.2
216.0  0.06366  7.8  -7.8  4.6  -4.6  3.2  -3.2
218.0  0.06145  7.8  -7.8  4.6  -4.6  3.2  -3.2
220.0  0.05933  7.8  -7.8  4.6  -4.6  3.2  -3.2
222.0  0.05727  7.8  -7.8  4.5  -4.5  3.3  -3.3
224.0  0.05529  7.8  -7.8  4.5  -4.5  3.3  -3.3
226.0  0.05339  7.8  -7.8  4.5  -4.5  3.3  -3.3
228.0  0.05156  7.9  -7.9  4.5  -4.5  3.4  -3.4
230.0  0.04986  7.9  -7.9  4.5  -4.5  3.4  -3.4
232.0  0.04816  7.9  -7.9  4.5  -4.5  3.4  -3.4
234.0  0.04652  7.8  -7.8  4.4  -4.4  3.4  -3.4
236.0  0.04494  7.9  -7.9  4.4  -4.4  3.5  -3.5
238.0  0.04344  7.8  -7.8  4.3  -4.3  3.5  -3.5
240.0  0.04199  7.8  -7.8  4.3  -4.3  3.5  -3.5
242.0  0.0406  7.7  -7.7  4.2  -4.2  3.5  -3.5
244.0  0.03926  7.7  -7.7  4.2  -4.2  3.5  -3.5
246.0  0.03797  7.7  -7.7  4.2  -4.2  3.5  -3.5
248.0  0.03672  7.6  -7.6  4.1  -4.1  3.5  -3.5
250.0  0.03552  7.6  -7.6  4.1  -4.1  3.5  -3.5
252.0  0.03437  7.6  -7.6  4.0  -4.0  3.6  -3.6
254.0  0.03325  7.6  -7.6  4.0  -4.0  3.6  -3.6
256.0  0.03215  7.6  -7.6  4.0  -4.0  3.6  -3.6
258.0  0.03112  7.6  -7.6  3.9  -3.9  3.7  -3.7
260.0  0.03012  7.6  -7.6  3.9  -3.9  3.7  -3.7
262.0  0.02916  7.5  -7.5  3.8  -3.8  3.7  -3.7
264.0  0.02823  7.5  -7.5  3.8  -3.8  3.7  -3.7
266.0  0.02736  7.5  -7.5  3.7  -3.7  3.8  -3.8
268.0  0.02649  7.5  -7.5  3.7  -3.7  3.8  -3.8
270.0  0.02568  7.5  -7.5  3.7  -3.7  3.8  -3.8
272.0  0.02488  7.4  -7.4  3.6  -3.6  3.8  -3.8
274.0  0.02411  7.4  -7.4  3.6  -3.6  3.8  -3.8
276.0  0.02337  7.3  -7.3  3.5  -3.5  3.8  -3.8
278.0  0.02266  7.4  -7.4  3.5  -3.5  3.9  -3.9
280.0  0.02198  7.4  -7.4  3.5  -3.5  3.9  -3.9
282.0  0.02131  7.3  -7.3  3.4  -3.4  3.9  -3.9
284.0  0.02066  7.3  -7.3  3.4  -3.4  3.9  -3.9
286.0  0.02004  7.3  -7.3  3.4  -3.4  3.9  -3.9
288.0  0.01945  7.3  -7.3  3.3  -3.3  4.0  -4.0
290.0  0.01887  7.3  -7.3  3.3  -3.3  4.0  -4.0
292.0  0.0183  7.2  -7.2  3.2  -3.2  4.0  -4.0
294.0  0.01777  7.2  -7.2  3.2  -3.2  4.0  -4.0
296.0  0.01725  7.3  -7.3  3.2  -3.2  4.1  -4.1
298.0  0.01675  7.2  -7.2  3.1  -3.1  4.1  -4.1
300.0  0.01627  7.2  -7.2  3.1  -3.1  4.1  -4.1
305.0  0.01513  7.2  -7.2  3.0  -3.0  4.2  -4.2
310.0  0.01408  7.1  -7.1  2.9  -2.9  4.2  -4.2
315.0  0.01311  7.2  -7.2  2.9  -2.9  4.3  -4.3
320.0  0.01221  7.1  -7.1  2.8  -2.8  4.3  -4.3
325.0  0.01139  7.1  -7.1  2.8  -2.8  4.3  -4.3
330.0  0.01063  7.1  -7.1  2.7  -2.7  4.4  -4.4
335.0  0.009912  7.1  -7.1  2.7  -2.7  4.4  -4.4
340.0  0.009251  7.2  -7.2  2.7  -2.7  4.5  -4.5
345.0  0.008625  7.1  -7.1  2.6  -2.6  4.5  -4.5
350.0  0.008056  7.1  -7.1  2.6  -2.6  4.5  -4.5
360.0  0.00715  7.4  -7.4  2.7  -2.7  4.7  -4.7
370.0  0.006364  7.6  -7.6  2.7  -2.7  4.9  -4.9
380.0  0.005684  7.8  -7.8  2.8  -2.8  5.0  -5.0
390.0  0.00509  7.8  -7.8  2.8  -2.8  5.0  -5.0
400.0  0.004568  7.8  -7.8  2.8  -2.8  5.0  -5.0
