80.0	+1.44	+7.01	+7.37	+5.22	+12.11	+0.00	+12.02	+6.34	+0.00	+5.89	+5.79	5.89	5.89	5.89	5.89 5.89 5.89 5.89 5.89 5.89 5.89 5.89 5.89 5.89 5.89
81.0	+1.45	+7.01	+7.35	+5.23	+12.11	+0.00	+11.99	+6.32	+0.00	+5.86	+5.75	5.86	5.86	5.86	5.86 5.86 5.86 5.86 5.86 5.86 5.86 5.86	5.86 5.86 5.86
82.0	+1.47	+7.00	+7.34	+5.24	+12.11	+0.00	+11.97	+6.31	+0.00	+5.89	+5.78	5.89	5.89	5.89	5.89 5.89 5.89 5.89 5.89 5.89 5.89 5.89	5.89 5.89 5.89
83.0	+1.48	+6.99	+7.33	+5.25	+12.10	+0.00	+11.96	+6.38	+0.00	+5.85	+5.75	5.85	5.85	5.85	5.85 5.85 5.85 5.85 5.85 5.85 5.85 5.85	5.85 5.85 5.85
84.0	+1.50	+7.00	+7.34	+5.23	+12.13	+0.00	+11.95	+6.30	+0.00	+5.89	+5.80	5.89	5.89	5.89	5.89 5.89 5.89 5.89 5.89 5.89 5.89 5.89	5.89 5.89 5.89
85.0	+1.51	+6.99	+7.34	+5.24	+12.14	+0.00	+11.92	+6.34	+0.00	+5.85	+5.76	5.85	5.85	5.85	5.85 5.85 5.85 5.85 5.85 5.85 5.85 5.85	5.85 5.85 5.85
86.0	+1.52	+6.97	+7.33	+5.26	+12.16	+0.00	+11.92	+6.32	+0.00	+5.88	+5.79	5.88	5.88	5.88	5.88 5.88 5.88 5.88 5.88 5.88 5.88 5.88	5.88 5.88 5.88
87.0	+1.54	+6.98	+7.31	+5.27	+12.13	+0.00	+11.88	+6.37	+0.00	+5.85	+5.77	5.85	5.85	5.85	5.85 5.85 5.85 5.85 5.85 5.85 5.85 5.85	5.85 5.85 5.85
88.0	+1.55	+6.99	+7.33	+5.28	+12.15	+0.00	+11.88	+6.27	+0.00	+5.88	+5.80	5.88	5.88	5.88	5.88 5.88 5.88 5.88 5.88 5.88 5.88 5.88	5.88 5.88 5.88
89.0	+1.57	+6.96	+7.33	+5.25	+12.14	+0.00	+11.85	+6.29	+0.00	+5.81	+5.73	5.81	5.81	5.81	5.81 5.81 5.81 5.81 5.81 5.81 5.81 5.81	5.81 5.81 5.81
90.0	+1.58	+6.97	+7.31	+5.24	+12.14	+0.00	+11.83	+6.21	+0.00	+5.85	+5.78	5.85	5.85	5.85	5.85 5.85 5.85 5.85 5.85 5.85 5.85 5.85	5.85 5.85 5.85
91.0	+1.60	+6.97	+7.28	+5.25	+12.16	+0.00	+11.81	+6.25	+0.00	+5.81	+5.74	5.81	5.81	5.81	5.81 5.81 5.81 5.81 5.81 5.81 5.81 5.81	5.81 5.81 5.81
92.0	+1.61	+6.96	+7.29	+5.28	+12.19	+0.00	+11.79	+6.24	+10.29	+5.85	+5.78	5.85	5.85	5.85	5.85 5.85 5.85 5.85 5.85 5.85 5.85 5.85	5.85 5.85 5.85
93.0	+1.64	+6.96	+7.26	+5.28	+12.17	+0.00	+11.77	+6.26	+10.29	+5.85	+5.79	5.85	5.85	5.85	5.85 5.85 5.85 5.85 5.85 5.85 5.85 5.85	5.85 5.85 5.85
94.0	+1.65	+6.97	+7.30	+5.27	+12.19	+0.00	+11.75	+6.29	+10.26	+5.85	+5.79	5.85	5.85	5.85	5.85 5.85 5.85 5.85 5.85 5.85 5.85 5.85	5.85 5.85 5.85
95.0	+1.67	+6.94	+7.26	+5.29	+12.20	+0.00	+11.73	+6.25	+10.25	+5.80	+5.72	5.80	5.80	5.80	5.80 5.80 5.80 5.80 5.80 5.80 5.80 5.80	5.80 5.80 5.80
96.0	+1.69	+6.93	+7.27	+5.28	+12.22	+0.00	+11.70	+6.18	+10.27	+5.80	+5.75	5.80	5.80	5.80	5.80 5.80 5.80 5.80 5.80 5.80 5.80 5.80	5.80 5.80 5.80
97.0	+1.71	+6.93	+7.25	+5.28	+12.17	+0.00	+11.68	+6.25	+10.25	+5.80	+5.75	5.80	5.80	5.80	5.80 5.80 5.80 5.80 5.80 5.80 5.80 5.80	5.80 5.80 5.80
98.0	+1.73	+6.90	+7.22	+5.26	+12.20	+0.00	+11.66	+6.26	+10.22	+5.75	+5.71	5.75	5.75	5.75	5.75 5.75 5.75 5.75 5.75 5.75 5.75 5.75	5.75 5.75 5.75
99.0	+1.76	+6.90	+7.23	+5.25	+12.21	+0.00	+11.63	+6.28	+10.22	+5.78	+5.74	5.78	5.78	5.78	5.78 5.78 5.78 5.78 5.78 5.78 5.78 5.78	5.78 5.78 5.78
100.0	+1.78	+6.87	+7.22	+5.27	+12.22	+0.00	+11.58	+6.20	+10.20	+5.73	+5.69	5.73	5.73	5.73	5.73 5.73 5.73 5.73 5.73 5.73 5.73 5.73	5.73 5.73 5.73
101.0	+1.80	+6.86	+7.19	+5.27	+12.24	+0.00	+11.58	+6.18	+10.20	+5.69	+5.66	5.69	5.69	5.69	5.69 5.69 5.69 5.69 5.69 5.69 5.69 5.69	5.69 5.69 5.69
102.0	+1.83	+6.85	+7.15	+5.23	+12.24	+0.00	+11.53	+6.18	+10.18	+5.67	+5.64	5.67	5.67	5.67	5.67 5.67 5.67 5.67 5.67 5.67 5.67 5.67	5.67 5.67 5.67
103.0	+1.86	+6.84	+7.16	+5.25	+12.24	+0.00	+11.51	+6.16	+10.13	+5.67	+5.64	5.67	5.67	5.67	5.67 5.67 5.67 5.67 5.67 5.67 5.67 5.67	5.67 5.67 5.67
104.0	+1.89	+6.80	+7.10	+5.22	+12.24	+0.00	+11.46	+6.12	+10.13	+5.70	+5.68	5.70	5.70	5.70	5.70 5.70 5.70 5.70 5.70 5.70 5.70 5.70	5.70 5.70 5.70
105.0	+1.93	+6.79	+7.11	+5.24	+12.24	+0.00	+11.43	+6.14	+10.15	+5.59	+5.58	5.59	5.59	5.59	5.59 5.59 5.59 5.59 5.59 5.59 5.59 5.59	5.59 5.59 5.59
106.0	+1.96	+6.75	+7.08	+5.20	+12.22	+0.00	+11.38	+6.10	+10.06	+5.59	+5.57	5.59	5.59	5.59	5.59 5.59 5.59 5.59 5.59 5.59 5.59 5.59	5.59 5.59 5.59
107.0	+2.00	+6.73	+7.04	+5.19	+12.24	+0.00	+11.35	+6.04	+10.05	+5.54	+5.52	5.54	5.54	5.54	5.54 5.54 5.54 5.54 5.54 5.54 5.54 5.54	5.54 5.54 5.54
108.0	+2.04	+6.71	+7.01	+5.21	+12.23	+0.00	+11.32	+5.98	+10.04	+5.52	+5.51	5.52	5.52	5.52	5.52 5.52 5.52 5.52 5.52 5.52 5.52 5.52	5.52 5.52 5.52
109.0	+2.08	+6.67	+7.02	+5.20	+12.25	+0.00	+11.27	+5.98	+9.99	+5.51	+5.50	5.51	5.51	5.51	5.51 5.51 5.51 5.51 5.51 5.51 5.51 5.51	5.51 5.51 5.51
110.0	+2.13	+6.64	+6.95	+5.20	+12.25	+0.00	+11.22	+5.92	+9.92	+5.44	+5.43	5.44	5.44	5.44	5.44 5.44 5.44 5.44 5.44 5.44 5.44 5.44	5.44 5.44 5.44
110.5	+2.15	+6.62	+6.91	+5.20	+12.25	+0.00	+11.21	+5.94	+9.94	+5.45	+5.44	5.45	5.45	5.45	5.45 5.45 5.45 5.45 5.45 5.45 5.45 5.45	5.45 5.45 5.45
111.0	+2.18	+6.60	+6.91	+5.16	+12.26	+0.00	+11.18	+5.93	+9.90	+5.37	+5.36	5.37	5.37	5.37	5.37 5.37 5.37 5.37 5.37 5.37 5.37 5.37	5.37 5.37 5.37
111.5	+2.20	+6.59	+6.92	+5.18	+12.26	+0.00	+11.15	+5.91	+9.88	+5.35	+5.34	5.35	5.35	5.35	5.35 5.35 5.35 5.35 5.35 5.35 5.35 5.35	5.35 5.35 5.35
112.0	+2.22	+6.57	+6.91	+5.15	+12.24	+0.00	+11.13	+5.85	+9.88	+5.35	+5.34	5.35	5.35	5.35	5.35 5.35 5.35 5.35 5.35 5.35 5.35 5.35	5.35 5.35 5.35
112.5	+2.25	+6.55	+6.86	+5.18	+12.24	+0.00	+11.10	+5.90	+9.87	+5.31	+5.30	5.31	5.31	5.31	5.31 5.31 5.31 5.31 5.31 5.31 5.31 5.31	5.31 5.31 5.31
113.0	+2.28	+6.52	+6.80	+5.13	+12.24	+0.00	+11.07	+5.85	+9.80	+5.26	+5.25	5.26	5.26	5.26	5.26 5.26 5.26 5.26 5.26 5.26 5.26 5.26	5.26 5.26 5.26
113.5	+2.31	+6.50	+6.82	+5.18	+12.25	+0.00	+11.04	+5.77	+9.81	+5.28	+5.27	5.28	5.28	5.28	5.28 5.28 5.28 5.28 5.28 5.28 5.28 5.28	5.28 5.28 5.28
114.0	+2.34	+6.46	+6.77	+5.16	+12.27	+0.00	+11.00	+5.80	+9.76	+5.21	+5.21	5.21	5.21	5.21	5.21 5.21 5.21 5.21 5.21 5.21 5.21 5.21	5.21 5.21 5.21
114.5	+2.36	+6.45	+6.73	+5.11	+12.27	+0.00	+11.00	+5.72	+9.74	+5.20	+5.20	5.20	5.20	5.20	5.20 5.20 5.20 5.20 5.20 5.20 5.20 5.20	5.20 5.20 5.20
115.0	+2.40	+6.42	+6.73	+5.08	+12.24	+0.00	+10.95	+5.74	+9.70	+5.17	+5.17	5.17	5.17	5.17	5.17 5.17 5.17 5.17 5.17 5.17 5.17 5.17	5.17 5.17 5.17
115.5	+2.43	+6.41	+6.72	+5.08	+12.24	+0.00	+10.93	+5.73	+9.70	+5.14	+5.14	5.14	5.14	5.14	5.14 5.14 5.14 5.14 5.14 5.14 5.14 5.14	5.14 5.14 5.14
116.0	+2.47	+6.36	+6.67	+5.06	+12.23	+0.00	+10.89	+5.63	+9.66	+5.09	+5.09	5.09	5.09	5.09	5.09 5.09 5.09 5.09 5.09 5.09 5.09 5.09	5.09 5.09 5.09
116.5	+2.50	+6.33	+6.62	+5.05	+12.22	+0.00	+10.86	+5.60	+9.63	+5.05	+5.04	5.05	5.05	5.05	5.05 5.05 5.05 5.05 5.05 5.05 5.05 5.05	5.05 5.05 5.05
117.0	+2.53	+6.32	+6.60	+5.05	+12.21	+0.00	+10.82	+5.58	+9.60	+5.04	+5.04	5.04	5.04	5.04	5.04 5.04 5.04 5.04 5.04 5.04 5.04 5.04	5.04 5.04 5.04
117.5	+2.57	+6.27	+6.60	+5.07	+12.23	+0.00	+10.80	+5.56	+9.57	+5.01	+5.00	5.01	5.01	5.01	5.01 5.01 5.01 5.01 5.01 5.01 5.01 5.01	5.01 5.01 5.01
118.0	+2.61	+6.24	+6.57	+5.03	+12.21	+0.00	+10.75	+5.53	+9.53	+4.95	+4.95	4.95	4.95	4.95	4.95 4.95 4.95 4.95 4.95 4.95 4.95 4.95	4.95 4.95 4.95
118.5	+2.64	+6.22	+6.53	+5.02	+12.25	+0.00	+10.73	+5.52	+9.52	+4.91	+4.91	4.91	4.91	4.91	4.91 4.91 4.91 4.91 4.91 4.91 4.91 4.91	4.91 4.91 4.91
119.0	+2.68	+6.18	+6.44	+4.96	+12.23	+0.00	+10.69	+5.46	+9.46	+4.85	+4.85	4.85	4.85	4.85	4.85 4.85 4.85 4.85 4.85 4.85 4.85 4.85	4.85 4.85 4.85
119.5	+2.72	+6.15	+6.40	+5.01	+12.23	+0.00	+10.66	+5.47	+9.35	+4.83	+4.83	4.83	4.83	4.83	4.83 4.83 4.83 4.83 4.83 4.83 4.83 4.83	4.83 4.83 4.83
120.0	+2.76	+6.13	+6.40	+5.02	+12.25	+0.00	+10.63	+5.40	+9.38	+4.76	+4.76	4.76	4.76	4.76	4.76 4.76 4.76 4.76 4.76 4.76 4.76 4.76	4.76 4.76 4.76
120.1	+2.77	+6.11	+6.42	+4.96	+12.21	+0.00	+10.60	+5.38	+9.35	+4.77	+4.77	4.77	4.77	4.77	4.77 4.77 4.77 4.77 4.77 4.77 4.77 4.77	4.77 4.77 4.77
120.2	+2.78	+6.11	+6.35	+5.01	+12.25	+0.00	+10.59	+5.37	+9.32	+4.74	+4.74	4.74	4.74	4.74	4.74 4.74 4.74 4.74 4.74 4.74 4.74 4.74	4.74 4.74 4.74
120.3	+2.78	+6.07	+6.41	+4.95	+12.21	+0.00	+10.59	+5.36	+9.34	+4.75	+4.74	4.75	4.75	4.75	4.75 4.75 4.75 4.75 4.75 4.75 4.75 4.75	4.75 4.75 4.75
120.4	+2.79	+6.08	+6.36	+5.00	+12.23	+0.00	+10.58	+5.37	+9.28	+4.73	+4.74	4.74	4.74	4.74	4.74 4.74 4.74 4.74 4.74 4.74 4.74 4.74	4.74 4.74 4.74
120.5	+2.80	+6.07	+6.37	+4.95	+12.20	+0.00	+10.58	+5.37	+9.39	+4.72	+4.72	4.72	4.72	4.72	4.72 4.72 4.72 4.72 4.72 4.72 4.72 4.72	4.72 4.72 4.72
120.6	+2.81	+6.09	+6.33	+4.98	+12.22	+0.00	+10.57	+5.32	+9.25	+4.71	+4.63	4.71	4.71	4.71	4.71 4.71 4.71 4.71 4.71 4.71 4.71 4.71	4.71 4.71 4.71
120.7	+2.82	+6.08	+6.37	+4.95	+12.23	+0.00	+10.57	+5.35	+9.34	+4.70	+4.71	4.71	4.71	4.71	4.71 4.71 4.71 4.71 4.71 4.71 4.71 4.71	4.71 4.71 4.71
120.8	+2.82	+6.06	+6.31	+4.96	+12.20	+0.00	+10.56	+5.29	+9.32	+4.69	+4.73	4.73	4.73	4.73	4.73 4.73 4.73 4.73 4.73 4.73 4.73 4.73	4.73 4.73 4.73
120.9	+2.83	+6.05	+6.33	+5.00	+12.22	+0.00	+10.56	+5.36	+9.32	+4.69	+4.69	4.69	4.69	4.69	4.69 4.69 4.69 4.69 4.69 4.69 4.69 4.69	4.69 4.69 4.69
121.0	+2.84	+6.04	+6.34	+4.99	+12.22	+0.00	+10.55	+5.28	+9.28	+4.66	+4.66	4.66	4.66	4.66	4.66 4.66 4.66 4.66 4.66 4.66 4.66 4.66	4.66 4.66 4.66
121.1	+2.85	+6.04	+6.29	+4.95	+12.24	+0.00	+10.54	+5.31	+9.35	+4.66	+4.66	4.66	4.66	4.66	4.66 4.66 4.66 4.66 4.66 4.66 4.66 4.66	4.66 4.66 4.66
121.2	+2.86	+6.03	+6.28	+4.94	+12.17	+0.00	+10.53	+5.33	+9.24	+4.64	+4.63	4.64	4.64	4.64	4.64 4.64 4.64 4.64 4.64 4.64 4.64 4.64	4.64 4.64 4.64
121.3	+2.87	+6.05	+6.30	+4.95	+12.20	+0.00	+10.54	+5.27	+9.35	+4.64	+4.64	4.64	4.64	4.64	4.64 4.64 4.64 4.64 4.64 4.64 4.64 4.64	4.64 4.64 4.64
121.4	+2.88	+6.00	+6.29	+4.99	+12.21	+0.00	+10.50	+5.26	+9.27	+4.66	+4.66	4.66	4.66	4.66	4.66 4.66 4.66 4.66 4.66 4.66 4.66 4.66	4.66 4.66 4.66
121.5	+2.89	+6.01	+6.24	+4.93	+12.23	+0.00	+10.51	+5.29	+9.25	+4.63	+4.64	4.64	4.64	4.64	4.64 4.64 4.64 4.64 4.64 4.64 4.64 4.64	4.64 4.64 4.64
121.6	+2.90	+6.01	+6.24	+4.95	+12.22	+0.00	+10.51	+5.26	+9.29	+4.60	+4.60	4.60	4.60	4.60	4.60 4.60 4.60 4.60 4.60 4.60 4.60 4.60	4.60 4.60 4.60
121.7	+2.91	+6.00	+6.24	+4.93	+12.22	+0.00	+10.49	+5.25	+9.26	+4.61	+4.60	4.61	4.61	4.61	4.61 4.61 4.61 4.61 4.61 4.61 4.61 4.61	4.61 4.61 4.61
121.8	+2.91	+5.99	+6.26	+4.94	+12.25	+0.00	+10.48	+5.26	+9.21	+4.59	+4.58	4.59	4.59	4.59	4.59 4.59 4.59 4.59 4.59 4.59 4.59 4.59	4.59 4.59 4.59
121.9	+2.91	+5.99	+6.25	+4.93	+12.23	+0.00	+10.48	+5.25	+9.23	+4.59	+4.59	4.59	4.59	4.59	4.59 4.59 4.59 4.59 4.59 4.59 4.59 4.59	4.59 4.59 4.59
122.0	+2.93	+5.97	+6.26	+4.94	+12.23	+0.00	+10.47	+5.25	+9.21	+4.58	+4.58	4.58	4.58	4.58	4.58 4.58 4.58 4.58 4.58 4.58 4.58 4.58	4.58 4.58 4.58
122.1	+2.94	+5.96	+6.26	+4.94	+12.21	+0.00	+10.45	+5.24	+9.26	+4.58	+4.58	4.58	4.58	4.58	4.58 4.58 4.58 4.58 4.58 4.58 4.58 4.58	4.58 4.58 4.58
122.2	+2.94	+5.95	+6.26	+4.95	+12.23	+0.00	+10.45	+5.23	+9.24	+4.57	+4.57	4.57	4.57	4.57	4.57 4.57 4.57 4.57 4.57 4.57 4.57 4.57	4.57 4.57 4.57
122.3	+2.95	+5.96	+6.26	+4.93	+12.21	+0.00	+10.44	+5.24	+9.21	+4.56	+4.56	4.56	4.56	4.56	4.56 4.56 4.56 4.56 4.56 4.56 4.56 4.56	4.56 4.56 4.56
122.4	+2.97	+5.93	+6.21	+4.92	+12.19	+0.00	+10.43	+5.22	+9.23	+4.54	+4.54	4.54	4.54	4.54	4.54 4.54 4.54 4.54 4.54 4.54 4.54 4.54	4.54 4.54 4.54
122.5	+2.98	+5.93	+6.23	+4.93	+12.24	+0.00	+10.42	+5.22	+9.18	+4.52	+4.52	4.52	4.52	4.52	4.52 4.52 4.52 4.52 4.52 4.52 4.52 4.52	4.52 4.52 4.52
122.6	+2.99	+5.92	+6.21	+4.91	+12.23	+0.00	+10.42	+5.23	+9.16	+4.51	+4.51	4.51	4.51	4.51	4.51 4.51 4.51 4.51 4.51 4.51 4.51 4.51	4.51 4.51 4.51
122.7	+2.98	+5.93	+6.22	+4.89	+12.23	+0.00	+10.42	+5.19	+9.26	+4.52	+4.52	4.52	4.52	4.52	4.52 4.52 4.52 4.52 4.52 4.52 4.52 4.52	4.52 4.52 4.52
122.8	+3.01	+5.90	+6.17	+4.88	+12.19	+0.00	+10.39	+5.17	+9.16	+4.48	+4.49	4.49	4.49	4.49	4.49 4.49 4.49 4.49 4.49 4.49 4.49 4.49	4.49 4.49 4.49
122.9	+3.01	+5.91	+6.18	+4.93	+12.22	+0.00	+10.40	+5.15	+9.11	+4.49	+4.49	4.49	4.49	4.49	4.49 4.49 4.49 4.49 4.49 4.49 4.49 4.49	4.49 4.49 4.49
123.0	+3.03	+5.88	+6.15	+4.92	+12.20	+0.00	+10.38	+5.14	+9.19	+4.46	+4.46	4.46	4.46	4.46	4.46 4.46 4.46 4.46 4.46 4.46 4.46 4.46	4.46 4.46 4.46
123.1	+3.03	+5.90	+6.13	+4.89	+12.21	+0.00	+10.39	+5.11	+9.18	+4.46	+4.45	4.46	4.46	4.46	4.46 4.46 4.46 4.46 4.46 4.46 4.46 4.46	4.46 4.46 4.46
123.2	+3.04	+5.88	+6.11	+4.87	+12.21	+0.00	+10.37	+5.16	+9.10	+4.45	+4.46	4.46	4.46	4.46	4.46 4.46 4.46 4.46 4.46 4.46 4.46 4.46	4.46 4.46 4.46
123.3	+3.04	+5.88	+6.16	+4.92	+12.21	+0.00	+10.36	+5.13	+9.14	+4.46	+4.48	4.48	4.48	4.48	4.48 4.48 4.48 4.48 4.48 4.48 4.48 4.48	4.48 4.48 4.48
123.4	+3.05	+5.87	+6.12	+4.92	+12.23	+0.00	+10.35	+5.09	+9.12	+4.45	+4.45	4.45	4.45	4.45	4.45 4.45 4.45 4.45 4.45 4.45 4.45 4.45	4.45 4.45 4.45
123.5	+3.07	+5.85	+6.13	+4.87	+12.19	+0.00	+10.35	+5.13	+9.10	+4.42	+4.42	4.42	4.42	4.42	4.42 4.42 4.42 4.42 4.42 4.42 4.42 4.42	4.42 4.42 4.42
123.6	+3.08	+5.84	+6.07	+4.88	+12.22	+0.00	+10.33	+5.09	+9.15	+4.41	+4.40	4.41	4.41	4.41	4.41 4.41 4.41 4.41 4.41 4.41 4.41 4.41	4.41 4.41 4.41
123.7	+3.09	+5.84	+6.14	+4.88	+12.21	+0.00	+10.34	+5.08	+9.07	+4.38	+4.38	4.38	4.38	4.38	4.38 4.38 4.38 4.38 4.38 4.38 4.38 4.38	4.38 4.38 4.38
123.8	+3.08	+5.85	+6.08	+4.87	+12.24	+0.00	+10.33	+5.09	+9.05	+4.41	+4.41	4.41	4.41	4.41	4.41 4.41 4.41 4.41 4.41 4.41 4.41 4.41	4.41 4.41 4.41
123.9	+3.10	+5.84	+6.09	+4.90	+12.20	+0.00	+10.33	+5.07	+9.15	+4.37	+4.37	4.37	4.37	4.37	4.37 4.37 4.37 4.37 4.37 4.37 4.37 4.37	4.37 4.37 4.37
124.0	+3.11	+5.81	+6.09	+4.88	+12.22	+0.00	+10.31	+5.08	+9.09	+4.39	+4.39	4.39	4.39	4.39	4.39 4.39 4.39 4.39 4.39 4.39 4.39 4.39	4.39 4.39 4.39
124.1	+3.12	+5.79	+6.04	+4.81	+12.16	+0.00	+10.28	+5.04	+8.99	+4.36	+4.36	4.36	4.36	4.36	4.36 4.36 4.36 4.36 4.36 4.36 4.36 4.36	4.36 4.36 4.36
124.2	+3.13	+5.77	+6.09	+4.89	+12.21	+0.00	+10.29	+5.07	+9.08	+4.32	+4.32	4.32	4.32	4.32	4.32 4.32 4.32 4.32 4.32 4.32 4.32 4.32	4.32 4.32 4.32
124.3	+3.14	+5.78	+6.06	+4.83	+12.23	+0.00	+10.28	+5.00	+9.03	+4.35	+4.35	4.35	4.35	4.35	4.35 4.35 4.35 4.35 4.35 4.35 4.35 4.35	4.35 4.35 4.35
124.4	+3.15	+5.79	+6.00	+4.87	+12.19	+0.00	+10.27	+5.00	+9.01	+4.34	+4.33	4.34	4.34	4.34	4.34 4.34 4.34 4.34 4.34 4.34 4.34 4.34	4.34 4.34 4.34
124.5	+3.16	+5.78	+6.04	+4.82	+12.21	+0.00	+10.27	+5.06	+9.04	+4.32	+4.32	4.32	4.32	4.32	4.32 4.32 4.32 4.32 4.32 4.32 4.32 4.32	4.32 4.32 4.32
124.6	+3.17	+5.75	+6.00	+4.84	+12.19	+0.00	+10.26	+4.99	+8.98	+4.31	+4.32	4.32	4.32	4.32	4.32 4.32 4.32 4.32 4.32 4.32 4.32 4.32	4.32 4.32 4.32
124.7	+3.17	+5.74	+6.00	+4.89	+12.23	+0.00	+10.25	+4.99	+8.96	+4.30	+4.30	4.30	4.30	4.30	4.30 4.30 4.30 4.30 4.30 4.30 4.30 4.30	4.30 4.30 4.30
124.8	+3.20	+5.74	+5.98	+4.83	+12.23	+0.00	+10.24	+4.99	+8.99	+4.28	+4.26	4.28	4.28	4.28	4.28 4.28 4.28 4.28 4.28 4.28 4.28 4.28	4.28 4.28 4.28
124.9	+3.19	+5.73	+6.01	+4.87	+12.18	+0.00	+10.23	+4.99	+8.93	+4.27	+4.27	4.27	4.27	4.27	4.27 4.27 4.27 4.27 4.27 4.27 4.27 4.27	4.27 4.27 4.27
125.0	+3.21	+5.71	+6.01	+4.88	+12.17	+0.00	+10.22	+4.98	+9.01	+4.26	+4.28	4.28	4.28	4.28	4.28 4.28 4.28 4.28 4.28 4.28 4.28 4.28	4.28 4.28 4.28
125.1	+3.21	+5.71	+5.95	+4.83	+12.20	+0.00	+10.22	+4.91	+8.94	+4.24	+4.24	4.24	4.24	4.24	4.24 4.24 4.24 4.24 4.24 4.24 4.24 4.24	4.24 4.24 4.24
125.2	+3.23	+5.71	+5.95	+4.82	+12.21	+0.00	+10.21	+4.91	+8.98	+4.23	+4.21	4.23	4.23	4.23	4.23 4.23 4.23 4.23 4.23 4.23 4.23 4.23	4.23 4.23 4.23
125.3	+3.24	+5.70	+5.91	+4.86	+12.20	+0.00	+10.20	+4.91	+8.96	+4.22	+4.22	4.22	4.22	4.22	4.22 4.22 4.22 4.22 4.22 4.22 4.22 4.22	4.22 4.22 4.22
125.4	+3.25	+5.69	+5.96	+4.82	+12.20	+0.00	+10.19	+4.91	+8.86	+4.21	+4.21	4.21	4.21	4.21	4.21 4.21 4.21 4.21 4.21 4.21 4.21 4.21	4.21 4.21 4.21
125.5	+3.26	+5.70	+5.97	+4.82	+12.20	+0.00	+10.18	+4.91	+8.94	+4.20	+4.22	4.22	4.22	4.22	4.22 4.22 4.22 4.22 4.22 4.22 4.22 4.22	4.22 4.22 4.22
125.6	+3.27	+5.67	+5.89	+4.82	+12.22	+0.00	+10.17	+4.90	+8.86	+4.18	+4.18	4.18	4.18	4.18	4.18 4.18 4.18 4.18 4.18 4.18 4.18 4.18	4.18 4.18 4.18
125.7	+3.28	+5.64	+5.89	+4.83	+12.18	+0.00	+10.16	+4.89	+8.89	+4.18	+4.18	4.18	4.18	4.18	4.18 4.18 4.18 4.18 4.18 4.18 4.18 4.18	4.18 4.18 4.18
125.8	+3.29	+5.65	+5.90	+4.78	+12.21	+0.00	+10.15	+4.85	+8.88	+4.15	+4.14	4.15	4.15	4.15	4.15 4.15 4.15 4.15 4.15 4.15 4.15 4.15	4.15 4.15 4.15
125.9	+3.30	+5.65	+5.92	+4.81	+12.18	+0.00	+10.13	+4.84	+8.86	+4.15	+4.15	4.15	4.15	4.15	4.15 4.15 4.15 4.15 4.15 4.15 4.15 4.15	4.15 4.15 4.15
126.0	+3.31	+5.62	+5.86	+4.82	+12.19	+0.00	+10.13	+4.88	+8.84	+4.14	+4.14	4.14	4.14	4.14	4.14 4.14 4.14 4.14 4.14 4.14 4.14 4.14	4.14 4.14 4.14
126.1	+3.32	+5.63	+5.86	+4.83	+12.17	+0.00	+10.11	+4.88	+8.84	+4.15	+4.15	4.15	4.15	4.15	4.15 4.15 4.15 4.15 4.15 4.15 4.15 4.15	4.15 4.15 4.15
126.2	+3.33	+5.63	+5.87	+4.83	+12.16	+0.00	+10.10	+4.84	+8.91	+4.14	+4.14	4.14	4.14	4.14	4.14 4.14 4.14 4.14 4.14 4.14 4.14 4.14	4.14 4.14 4.14
126.3	+3.33	+5.59	+5.88	+4.82	+12.21	+0.00	+10.12	+4.82	+8.82	+4.12	+4.12	4.12	4.12	4.12	4.12 4.12 4.12 4.12 4.12 4.12 4.12 4.12	4.12 4.12 4.12
126.4	+3.34	+5.60	+5.89	+4.82	+12.20	+0.00	+10.11	+4.85	+8.89	+4.10	+4.11	4.11	4.11	4.11	4.11 4.11 4.11 4.11 4.11 4.11 4.11 4.11	4.11 4.11 4.11
126.5	+3.35	+5.59	+5.89	+4.83	+12.18	+0.00	+10.11	+4.84	+8.78	+4.09	+4.09	4.09	4.09	4.09	4.09 4.09 4.09 4.09 4.09 4.09 4.09 4.09	4.09 4.09 4.09
126.6	+3.37	+5.58	+5.85	+4.83	+12.18	+0.00	+10.08	+4.77	+8.77	+4.07	+4.07	4.07	4.07	4.07	4.07 4.07 4.07 4.07 4.07 4.07 4.07 4.07	4.07 4.07 4.07
126.7	+3.38	+5.57	+5.78	+4.84	+12.17	+0.00	+10.08	+4.84	+8.85	+4.06	+4.07	4.07	4.07	4.07	4.07 4.07 4.07 4.07 4.07 4.07 4.07 4.07	4.07 4.07 4.07
126.8	+3.38	+5.56	+5.77	+4.83	+12.22	+0.00	+10.08	+4.78	+8.76	+4.06	+4.06	4.06	4.06	4.06	4.06 4.06 4.06 4.06 4.06 4.06 4.06 4.06	4.06 4.06 4.06
126.9	+3.40	+5.53	+5.76	+4.79	+12.17	+0.00	+10.06	+4.80	+8.78	+4.03	+4.03	4.03	4.03	4.03	4.03 4.03 4.03 4.03 4.03 4.03 4.03 4.03	4.03 4.03 4.03
127.0	+3.40	+5.57	+5.77	+4.81	+12.18	+0.00	+10.06	+4.77	+8.81	+4.03	+4.03	4.03	4.03	4.03	4.03 4.03 4.03 4.03 4.03 4.03 4.03 4.03	4.03 4.03 4.03
127.1	+3.41	+5.54	+5.76	+4.80	+12.19	+0.00	+10.04	+4.76	+8.70	+4.01	+4.00	4.01	4.01	4.01	4.01 4.01 4.01 4.01 4.01 4.01 4.01 4.01	4.01 4.01 4.01
127.2	+3.42	+5.54	+5.74	+4.79	+12.20	+0.00	+10.04	+4.76	+8.75	+4.01	+4.01	4.01	4.01	4.01	4.01 4.01 4.01 4.01 4.01 4.01 4.01 4.01	4.01 4.01 4.01
127.3	+3.43	+5.50	+5.72	+4.78	+12.15	+0.00	+10.02	+4.75	+8.75	+4.01	+4.01	4.01	4.01	4.01	4.01 4.01 4.01 4.01 4.01 4.01 4.01 4.01	4.01 4.01 4.01
127.4	+3.44	+5.52	+5.74	+4.81	+12.20	+0.00	+10.03	+4.76	+8.76	+3.98	+3.98	3.98	3.98	3.98	3.98 3.98 3.98 3.98 3.98 3.98 3.98 3.98	3.98 3.98 3.98
127.5	+3.45	+5.50	+5.71	+4.79	+12.16	+0.00	+10.01	+4.69	+8.74	+3.99	+3.99	3.99	3.99	3.99	3.99 3.99 3.99 3.99 3.99 3.99 3.99 3.99	3.99 3.99 3.99
127.6	+3.46	+5.49	+5.66	+4.74	+12.20	+0.00	+10.00	+4.73	+8.68	+3.97	+3.97	3.97	3.97	3.97	3.97 3.97 3.97 3.97 3.97 3.97 3.97 3.97	3.97 3.97 3.97
127.7	+3.49	+5.48	+5.74	+4.73	+12.16	+0.00	+9.99	+4.74	+8.67	+3.93	+3.93	3.93	3.93	3.93	3.93 3.93 3.93 3.93 3.93 3.93 3.93 3.93	3.93 3.93 3.93
127.8	+3.47	+5.47	+5.75	+4.74	+12.22	+0.00	+9.98	+4.74	+8.70	+3.95	+3.95	3.95	3.95	3.95	3.95 3.95 3.95 3.95 3.95 3.95 3.95 3.95	3.95 3.95 3.95
127.9	+3.49	+5.45	+5.68	+4.81	+12.20	+0.00	+9.96	+4.68	+8.69	+3.94	+3.94	3.94	3.94	3.94	3.94 3.94 3.94 3.94 3.94 3.94 3.94 3.94	3.94 3.94 3.94
128.0	+3.51	+5.45	+5.68	+4.74	+12.22	+0.00	+9.97	+4.67	+8.67	+3.91	+3.91	3.91	3.91	3.91	3.91 3.91 3.91 3.91 3.91 3.91 3.91 3.91	3.91 3.91 3.91
128.1	+3.52	+5.44	+5.68	+4.75	+12.14	+0.00	+9.96	+4.66	+8.65	+3.90	+3.90	3.90	3.90	3.90	3.90 3.90 3.90 3.90 3.90 3.90 3.90 3.90	3.90 3.90 3.90
128.2	+3.54	+5.43	+5.63	+4.73	+12.18	+0.00	+9.95	+4.66	+8.63	+3.87	+3.87	3.87	3.87	3.87	3.87 3.87 3.87 3.87 3.87 3.87 3.87 3.87	3.87 3.87 3.87
128.3	+3.55	+5.41	+5.61	+4.70	+12.13	+0.00	+9.92	+4.65	+8.62	+3.87	+3.87	3.87	3.87	3.87	3.87 3.87 3.87 3.87 3.87 3.87 3.87 3.87	3.87 3.87 3.87
128.4	+3.55	+5.39	+5.69	+4.74	+12.16	+0.00	+9.92	+4.61	+8.61	+3.86	+3.86	3.86	3.86	3.86	3.86 3.86 3.86 3.86 3.86 3.86 3.86 3.86	3.86 3.86 3.86
128.5	+3.56	+5.39	+5.64	+4.75	+12.12	+0.00	+9.92	+4.61	+8.60	+3.84	+3.84	3.84	3.84	3.84	3.84 3.84 3.84 3.84 3.84 3.84 3.84 3.84	3.84 3.84 3.84
128.6	+3.58	+5.38	+5.62	+4.70	+12.17	+0.00	+9.90	+4.61	+8.59	+3.82	+3.82	3.82	3.82	3.82	3.82 3.82 3.82 3.82 3.82 3.82 3.82 3.82	3.82 3.82 3.82
128.7	+3.59	+5.39	+5.59	+4.77	+12.19	+0.00	+9.91	+4.59	+8.58	+3.80	+3.79	3.80	3.80	3.80	3.80 3.80 3.80 3.80 3.80 3.80 3.80 3.80	3.80 3.80 3.80
128.8	+3.59	+5.37	+5.64	+4.71	+12.15	+0.00	+9.89	+4.59	+8.54	+3.81	+3.81	3.81	3.81	3.81	3.81 3.81 3.81 3.81 3.81 3.81 3.81 3.81	3.81 3.81 3.81
128.9	+3.60	+5.36	+5.60	+4.72	+12.18	+0.00	+9.89	+4.56	+8.53	+3.81	+3.81	3.81	3.81	3.81	3.81 3.81 3.81 3.81 3.81 3.81 3.81 3.81	3.81 3.81 3.81
129.0	+3.61	+5.36	+5.61	+4.78	+12.19	+0.00	+9.89	+4.62	+8.60	+3.78	+3.78	3.78	3.78	3.78	3.78 3.78 3.78 3.78 3.78 3.78 3.78 3.78	3.78 3.78 3.78
129.1	+3.62	+5.35	+5.54	+4.72	+12.16	+0.00	+9.88	+4.59	+8.55	+3.77	+3.77	3.77	3.77	3.77	3.77 3.77 3.77 3.77 3.77 3.77 3.77 3.77	3.77 3.77 3.77
129.2	+3.63	+5.33	+5.59	+4.70	+12.16	+0.00	+9.85	+4.53	+8.51	+3.76	+3.77	3.77	3.77	3.77	3.77 3.77 3.77 3.77 3.77 3.77 3.77 3.77	3.77 3.77 3.77
129.3	+3.64	+5.33	+5.54	+4.72	+12.19	+0.00	+9.85	+4.52	+8.48	+3.75	+3.74	3.75	3.75	3.75	3.75 3.75 3.75 3.75 3.75 3.75 3.75 3.75	3.75 3.75 3.75
129.4	+3.65	+5.32	+5.55	+4.72	+12.17	+0.00	+9.85	+4.55	+8.56	+3.73	+3.73	3.73	3.73	3.73	3.73 3.73 3.73 3.73 3.73 3.73 3.73 3.73	3.73 3.73 3.73
129.5	+3.66	+5.31	+5.55	+4.68	+12.16	+0.00	+9.84	+4.52	+8.50	+3.73	+3.73	3.73	3.73	3.73	3.73 3.73 3.73 3.73 3.73 3.73 3.73 3.73	3.73 3.73 3.73
129.6	+3.68	+5.30	+5.53	+4.71	+12.15	+0.00	+9.81	+4.52	+8.51	+3.71	+3.71	3.71	3.71	3.71	3.71 3.71 3.71 3.71 3.71 3.71 3.71 3.71	3.71 3.71 3.71
129.7	+3.67	+5.30	+5.47	+4.69	+12.19	+0.00	+9.82	+4.51	+8.51	+3.71	+3.72	3.72	3.72	3.72	3.72 3.72 3.72 3.72 3.72 3.72 3.72 3.72	3.72 3.72 3.72
129.8	+3.70	+5.26	+5.50	+4.73	+12.17	+0.00	+9.80	+4.46	+8.41	+3.68	+3.69	3.69	3.69	3.69	3.69 3.69 3.69 3.69 3.69 3.69 3.69 3.69	3.69 3.69 3.69
129.9	+3.70	+5.29	+5.49	+4.69	+12.16	+0.00	+9.81	+4.48	+8.50	+3.67	+3.68	3.68	3.68	3.68	3.68 3.68 3.68 3.68 3.68 3.68 3.68 3.68	3.68 3.68 3.68
130.0	+3.71	+5.26	+5.53	+4.74	+12.19	+0.00	+9.81	+4.55	+8.42	+3.66	+3.66	3.66	3.66	3.66	3.66 3.66 3.66 3.66 3.66 3.66 3.66 3.66	3.66 3.66 3.66
130.5	+3.77	+5.21	+5.46	+4.71	+12.14	+0.00	+9.74	+4.46	+8.43	+3.60	+3.60	3.60	3.60	3.60	3.60 3.60 3.60 3.60 3.60 3.60 3.60 3.60	3.60 3.60 3.60
131.0	+3.82	+5.19	+5.33	+4.69	+12.19	+0.00	+9.70	+4.40	+8.39	+3.52	+3.52	3.52	3.52	3.52	3.52 3.52 3.52 3.52 3.52 3.52 3.52 3.52	3.52 3.52 3.52
131.5	+3.88	+5.12	+5.33	+4.69	+12.18	+0.00	+9.66	+4.34	+8.33	+3.46	+3.46	3.46	3.46	3.46	3.46 3.46 3.46 3.46 3.46 3.46 3.46 3.46	3.46 3.46 3.46
132.0	+3.93	+5.06	+5.27	+4.68	+12.15	+0.00	+9.62	+4.27	+8.25	+3.40	+3.40	3.40	3.40	3.40	3.40 3.40 3.40 3.40 3.40 3.40 3.40 3.40	3.40 3.40 3.40
132.5	+4.00	+5.01	+5.15	+4.61	+12.15	+0.00	+9.57	+4.19	+8.17	+3.32	+3.31	3.35	3.35	3.35	3.35 3.35 3.35 3.35 3.35 3.35 3.35 3.35	3.35 3.35 3.35
133.0	+4.03	+4.95	+5.20	+4.55	+12.07	+0.00	+9.51	+4.18	+8.11	+3.26	+3.26	3.26	3.26	3.26	3.26 3.26 3.26 3.26 3.26 3.26 3.26 3.26	3.26 3.26 3.26
133.5	+4.10	+4.90	+5.09	+4.60	+12.15	+0.00	+9.48	+4.10	+8.07	+3.19	+3.20	3.20	3.20	3.20	3.20 3.20 3.20 3.20 3.20 3.20 3.20 3.20	3.20 3.20 3.20
134.0	+4.16	+4.86	+5.07	+4.59	+12.12	+0.00	+9.43	+4.06	+8.04	+3.13	+3.14	3.14	3.14	3.14	3.14 3.14 3.14 3.14 3.14 3.14 3.14 3.14	3.14 3.14 3.14
134.5	+4.20	+4.80	+4.94	+4.60	+12.14	+0.00	+9.38	+3.99	+8.00	+3.08	+3.08	3.08	3.08	3.08	3.08 3.08 3.08 3.08 3.08 3.08 3.08 3.08	3.08 3.08 3.08
135.0	+4.25	+4.75	+4.96	+4.51	+12.16	+0.00	+9.34	+3.96	+7.91	+3.02	+3.02	3.02	3.02	3.02	3.02 3.02 3.02 3.02 3.02 3.02 3.02 3.02	3.02 3.02 3.02
135.5	+4.32	+4.71	+4.87	+4.56	+12.12	+0.00	+9.30	+3.87	+7.86	+2.93	+2.93	2.93	2.93	2.93	2.93 2.93 2.93 2.93 2.93 2.93 2.93 2.93	2.93 2.93 2.93
136.0	+4.36	+4.65	+4.89	+4.58	+12.15	+0.00	+9.25	+3.79	+7.79	+2.88	+2.88	2.88	2.88	2.88	2.88 2.88 2.88 2.88 2.88 2.88 2.88 2.88	2.88 2.88 2.88
136.5	+4.42	+4.59	+4.75	+4.56	+12.11	+0.00	+9.21	+3.79	+7.76	+2.81	+2.82	2.82	2.82	2.82	2.82 2.82 2.82 2.82 2.82 2.82 2.82 2.82	2.82 2.82 2.82
137.0	+4.49	+4.54	+4.67	+4.54	+12.08	+0.00	+9.17	+3.74	+7.73	+2.74	+2.74	2.74	2.74	2.74	2.74 2.74 2.74 2.74 2.74 2.74 2.74 2.74	2.74 2.74 2.74
137.5	+4.53	+4.50	+4.70	+4.52	+12.17	+0.00	+9.14	+3.68	+7.65	+2.68	+2.68	2.68	2.68	2.68	2.68 2.68 2.68 2.68 2.68 2.68 2.68 2.68	2.68 2.68 2.68
138.0	+4.56	+4.45	+4.59	+4.48	+12.13	+0.00	+9.08	+3.59	+7.57	+2.62	+2.64	2.64	2.64	2.64	2.64 2.64 2.64 2.64 2.64 2.64 2.64 2.64	2.64 2.64 2.64
138.5	+4.64	+4.44	+4.55	+4.46	+12.08	+0.00	+9.05	+3.60	+7.56	+2.54	+2.55	2.55	2.55	2.55	2.55 2.55 2.55 2.55 2.55 2.55 2.55 2.55	2.55 2.55 2.55
139.0	+4.65	+4.37	+4.45	+4.46	+12.09	+0.00	+9.02	+3.52	+7.46	+2.49	+2.49	2.49	2.49	2.49	2.49 2.49 2.49 2.49 2.49 2.49 2.49 2.49	2.49 2.49 2.49
139.5	+4.74	+4.30	+4.39	+4.41	+12.08	+0.00	+8.96	+3.46	+7.43	+2.41	+2.41	2.41	2.41	2.41	2.41 2.41 2.41 2.41 2.41 2.41 2.41 2.41	2.41 2.41 2.41
140.0	+4.80	+4.26	+4.37	+4.49	+12.09	+0.00	+8.92	+3.39	+7.36	+2.35	+2.36	2.36	2.36	2.36	2.36 2.36 2.36 2.36 2.36 2.36 2.36 2.36	2.36 2.36 2.36
140.5	+4.83	+4.22	+4.31	+4.49	+12.14	+0.00	+8.91	+3.39	+7.34	+2.30	+2.30	2.30	2.30	2.30	2.30 2.30 2.30 2.30 2.30 2.30 2.30 2.30	2.30 2.30 2.30
141.0	+4.88	+4.19	+4.32	+4.44	+12.09	+0.00	+8.86	+3.26	+7.25	+2.23	+2.23	2.23	2.23	2.23	2.23 2.23 2.23 2.23 2.23 2.23 2.23 2.23	2.23 2.23 2.23
141.5	+4.94	+4.13	+4.22	+4.52	+12.10	+0.00	+8.83	+3.27	+7.24	+2.17	+2.18	2.18	2.18	2.18	2.18 2.18 2.18 2.18 2.18 2.18 2.18 2.18	2.18 2.18 2.18
142.0	+4.99	+4.09	+4.14	+4.50	+12.15	+0.00	+8.78	+3.26	+7.17	+2.10	+2.09	2.10	2.10	2.10	2.10 2.10 2.10 2.10 2.10 2.10 2.10 2.10	2.10 2.10 2.10
142.5	+5.06	+4.05	+4.10	+4.38	+12.08	+0.00	+8.74	+3.12	+7.09	+2.03	+2.03	2.04	2.04	2.04	2.04 2.04 2.04 2.04 2.04 2.04 2.04 2.04	2.04 2.04 2.04
143.0	+5.05	+4.01	+4.18	+4.47	+12.14	+0.00	+8.72	+3.10	+7.09	+1.98	+1.98	1.98	1.98	1.98	1.98 1.98 1.98 1.98 1.98 1.98 1.98 1.98	1.98 1.98 1.98
143.5	+5.10	+3.95	+4.08	+4.47	+12.09	+0.00	+8.70	+3.06	+7.03	+1.91	+1.91	1.91	1.91	1.91	1.91 1.91 1.91 1.91 1.91 1.91 1.91 1.91	1.91 1.91 1.91
144.0	+5.16	+3.91	+4.01	+4.33	+12.14	+0.00	+8.63	+2.98	+6.96	+1.85	+1.85	1.85	1.85	1.85	1.85 1.85 1.85 1.85 1.85 1.85 1.85 1.85	1.85 1.85 1.85
144.5	+5.21	+3.83	+3.91	+4.43	+12.05	+0.00	+8.60	+2.91	+6.90	+1.80	+1.80	1.80	1.80	1.80	1.80 1.80 1.80 1.80 1.80 1.80 1.80 1.80	1.80 1.80 1.80
145.0	+5.30	+3.80	+3.92	+4.44	+11.99	+0.00	+8.57	+2.92	+6.89	+1.72	+1.73	1.74	1.74	1.74	1.74 1.74 1.74 1.74 1.74 1.74 1.74 1.74	1.74 1.74 1.74
145.5	+5.28	+3.74	+3.84	+4.39	+12.01	+0.00	+8.53	+2.79	+6.77	+1.70	+1.70	1.70	1.70	1.70	1.70 1.70 1.70 1.70 1.70 1.70 1.70 1.70	1.70 1.70 1.70
146.0	+5.36	+3.75	+3.82	+4.39	+12.08	+0.00	+8.51	+2.83	+6.81	+1.61	+1.61	1.62	1.62	1.62	1.62 1.62 1.62 1.62 1.62 1.62 1.62 1.62	1.62 1.62 1.62
146.5	+5.41	+3.74	+3.78	+4.40	+12.15	+0.00	+8.47	+2.84	+6.70	+1.56	+1.55	1.57	1.57	1.57	1.57 1.57 1.57 1.57 1.57 1.57 1.57 1.57	1.57 1.57 1.57
147.0	+5.50	+3.62	+3.74	+4.38	+12.18	+0.00	+8.44	+2.68	+6.69	+1.49	+1.49	1.52	1.52	1.52	1.52 1.52 1.52 1.52 1.52 1.52 1.52 1.52	1.52 1.52 1.52
147.5	+5.50	+3.55	+3.65	+4.37	+12.11	+0.00	+8.43	+2.64	+6.60	+1.46	+1.47	1.47	1.47	1.47	1.47 1.47 1.47 1.47 1.47 1.47 1.47 1.47	1.47 1.47 1.47
148.0	+5.57	+3.57	+3.66	+4.37	+12.07	+0.00	+8.39	+2.68	+6.64	+1.38	+1.38	1.42	1.42	1.42	1.42 1.42 1.42 1.42 1.42 1.42 1.42 1.42	1.42 1.42 1.42
148.5	+5.52	+3.51	+3.56	+4.36	+12.06	+0.00	+8.36	+2.55	+6.52	+1.35	+1.34	1.35	1.35	1.35	1.35 1.35 1.35 1.35 1.35 1.35 1.35 1.35	1.35 1.35 1.35
149.0	+5.62	+3.39	+3.51	+4.35	+12.01	+0.00	+8.26	+2.52	+6.48	+1.30	+1.30	1.30	1.30	1.30	1.30 1.30 1.30 1.30 1.30 1.30 1.30 1.30	1.30 1.30 1.30
149.5	+5.68	+3.45	+3.54	+4.43	+12.10	+0.00	+8.33	+2.55	+6.53	+1.23	+1.22	1.26	1.26	1.26	1.26 1.26 1.26 1.26 1.26 1.26 1.26 1.26	1.26 1.26 1.26
150.0	+5.69	+3.37	+3.45	+4.36	+12.04	+0.00	+8.27	+2.45	+6.38	+1.19	+1.19	1.19	1.19	1.19	1.19 1.19 1.19 1.19 1.19 1.19 1.19 1.19	1.19 1.19 1.19
152.0	+5.83	+3.25	+3.34	+4.35	+12.05	+0.00	+8.15	+2.34	+6.30	+0.99	+0.99	0.99	0.99	0.99	0.99 0.99 0.99 0.99 0.99 0.99 0.99 0.99	0.99 0.99 0.99
154.0	+5.96	+3.07	+3.11	+4.34	+12.00	+0.00	+8.02	+2.16	+6.12	+0.80	+0.80	0.80	0.80	0.80	0.80 0.80 0.80 0.80 0.80 0.80 0.80 0.80	0.80 0.80 0.80
156.0	+6.11	+2.96	+2.99	+4.26	+11.96	+0.00	+7.94	+1.96	+5.99	+0.61	+0.62	0.62	0.62	0.62	0.62 0.62 0.62 0.62 0.62 0.62 0.62 0.62	0.62 0.62 0.62
158.0	+6.28	+2.85	+2.86	+4.30	+12.03	+0.00	+7.87	+1.83	+5.77	+0.43	+0.44	0.44	0.44	0.44	0.44 0.44 0.44 0.44 0.44 0.44 0.44 0.44	0.44 0.44 0.44
160.0	+6.40	+2.71	+2.79	+4.29	+12.00	+0.00	+7.82	+1.71	+5.71	+0.27	+0.28	0.28	0.28	0.28	0.28 0.28 0.28 0.28 0.28 0.28 0.28 0.28	0.28 0.28 0.28
162.0	+6.51	+2.75	+2.72	+4.30	+12.01	+0.00	+7.85	+1.69	+5.68	+0.15	+0.18	0.18	0.18	0.18	0.18 0.18 0.18 0.18 0.18 0.18 0.18 0.18	0.18 0.18 0.18
164.0	+6.52	+2.60	+2.67	+4.28	+11.99	+0.00	+7.82	+1.65	+5.60	+0.10	+0.14	0.14	0.14	0.14	0.14 0.14 0.14 0.14 0.14 0.14 0.14 0.14	0.14 0.14 0.14
166.0	+6.57	+2.72	+2.63	+4.24	+11.97	+0.00	+7.76	+1.65	+5.60	+0.08	+0.12	0.12	0.12	0.12	0.12 0.12 0.12 0.12 0.12 0.12 0.12 0.12	0.12 0.12 0.12
168.0	+6.50	+2.60	+2.62	+4.23	+11.95	+0.00	+7.72	+1.56	+5.55	+0.07	+0.11	0.11	0.11	0.11	0.11 0.11 0.11 0.11 0.11 0.11 0.11 0.11	0.11 0.11 0.11
170.0	+6.52	+2.62	+2.65	+4.26	+11.96	+0.00	+7.73	+1.62	+5.59	+0.06	+0.10	0.10	0.10	0.10	0.10 0.10 0.10 0.10 0.10 0.10 0.10 0.10	0.10 0.10 0.10
172.0	+6.52	+2.62	+2.62	+4.24	+11.98	+0.00	+7.72	+1.58	+5.57	+0.06	+0.10	0.10	0.10	0.10	0.10 0.10 0.10 0.10 0.10 0.10 0.10 0.10	0.10 0.10 0.10
174.0	+6.54	+2.62	+2.63	+4.26	+11.98	+0.00	+7.70	+1.52	+5.57	+0.05	+0.09	0.09	0.09	0.09	0.09 0.09 0.09 0.09 0.09 0.09 0.09 0.09	0.09 0.09 0.09
176.0	+6.54	+2.64	+2.60	+4.31	+11.97	+0.00	+7.70	+1.53	+5.58	+0.05	+0.08	0.08	0.08	0.08	0.08 0.08 0.08 0.08 0.08 0.08 0.08 0.08	0.08 0.08 0.08
178.0	+6.55	+2.62	+2.61	+4.29	+11.97	+0.00	+7.71	+1.61	+5.58	+0.04	+0.09	0.09	0.09	0.09	0.09 0.09 0.09 0.09 0.09 0.09 0.09 0.09	0.09 0.09 0.09
180.0	+6.56	+2.63	+2.69	+4.32	+11.99	+0.00	+7.73	+1.62	+5.61	+0.04	+0.07	0.07	0.07	0.07	0.07 0.07 0.07 0.07 0.07 0.07 0.07 0.07	0.07 0.07 0.07
182.0	+6.58	+2.64	+2.58	+4.28	+12.03	+0.00	+7.70	+1.61	+5.60	+0.04	+0.05	0.05	0.05	0.05	0.05 0.05 0.05 0.05 0.05 0.05 0.05 0.05	0.05 0.05 0.05
184.0	+6.58	+2.64	+2.59	+4.30	+11.99	+0.00	+7.76	+1.60	+5.57	+0.03	+0.04	0.04	0.04	0.04	0.04 0.04 0.04 0.04 0.04 0.04 0.04 0.04	0.04 0.04 0.04
186.0	+6.57	+2.61	+2.58	+4.31	+12.04	+0.00	+7.66	+1.58	+5.56	+0.03	+0.03	0.03	0.03	0.03	0.03 0.03 0.03 0.03 0.03 0.03 0.03 0.03	0.03 0.03 0.03
188.0	+6.56	+2.59	+2.59	+4.27	+11.97	+0.00	+7.64	+1.60	+5.63	+0.03	+0.03	0.03	0.03	0.03	0.03 0.03 0.03 0.03 0.03 0.03 0.03 0.03	0.03 0.03 0.03
190.0	+6.56	+2.65	+2.63	+4.26	+12.02	+0.00	+7.68	+1.63	+5.60	+0.03	+0.03	0.03	0.03	0.03	0.03 0.03 0.03 0.03 0.03 0.03 0.03 0.03	0.03 0.03 0.03
192.0	+6.59	+2.58	+2.54	+4.36	+11.94	+0.00	+7.65	+1.55	+5.53	+0.02	+0.04	0.04	0.04	0.04	0.04 0.04 0.04 0.04 0.04 0.04 0.04 0.04	0.04 0.04 0.04
194.0	+6.59	+2.64	+2.63	+4.34	+11.96	+0.00	+7.72	+1.63	+5.60	+0.02	+0.03	0.03	0.03	0.03	0.03 0.03 0.03 0.03 0.03 0.03 0.03 0.03	0.03 0.03 0.03
196.0	+6.61	+2.56	+2.56	+4.29	+12.08	+0.00	+7.66	+1.57	+5.53	+0.02	+0.03	0.03	0.03	0.03	0.03 0.03 0.03 0.03 0.03 0.03 0.03 0.03	0.03 0.03 0.03
198.0	+6.60	+2.57	+2.57	+4.30	+12.08	+0.00	+7.65	+1.57	+5.53	+0.02	+0.03	0.03	0.03	0.03	0.03 0.03 0.03 0.03 0.03 0.03 0.03 0.03	0.03 0.03 0.03
200.0	+6.60	+2.55	+2.57	+4.29	+11.97	+0.00	+7.64	+1.58	+5.54	+0.02	+0.02	0.03	0.03	0.03	0.03 0.03 0.03 0.03 0.03 0.03 0.03 0.03	0.03 0.03 0.03
202.0	+6.64	+2.59	+2.58	+4.38	+12.12	+0.00	+7.65	+1.56	+5.54	+0.02	+0.02	0.02	0.02	0.02	0.02 0.02 0.02 0.02 0.02 0.02 0.02 0.02	0.02 0.02 0.02
204.0	+6.64	+2.66	+2.63	+4.35	+12.05	+0.00	+7.65	+1.62	+5.60	+0.02	+0.03	0.03	0.03	0.03	0.03 0.03 0.03 0.03 0.03 0.03 0.03 0.03	0.03 0.03 0.03
206.0	+6.65	+2.62	+2.59	+4.35	+11.99	+0.00	+7.64	+1.60	+5.55	+0.02	+0.02	0.02	0.02	0.02	0.02 0.02 0.02 0.02 0.02 0.02 0.02 0.02	0.02 0.02 0.02
208.0	+6.61	+2.67	+2.64	+4.34	+11.97	+0.00	+7.64	+1.63	+5.66	+0.02	+0.02	0.02	0.02	0.02	0.02 0.02 0.02 0.02 0.02 0.02 0.02 0.02	0.02 0.02 0.02
210.0	+6.60	+2.63	+2.64	+4.35	+12.04	+0.00	+7.64	+1.66	+5.61	+0.02	+0.02	0.02	0.02	0.02	0.02 0.02 0.02 0.02 0.02 0.02 0.02 0.02	0.02 0.02 0.02
212.0	+6.57	+2.58	+2.58	+4.36	+12.02	+0.00	+7.62	+1.58	+5.52	+0.02	+0.02	0.02	0.02	0.02	0.02 0.02 0.02 0.02 0.02 0.02 0.02 0.02	0.02 0.02 0.02
214.0	+6.65	+2.59	+2.59	+4.36	+12.04	+0.00	+7.61	+1.60	+5.56	+0.02	+0.03	0.03	0.03	0.03	0.03 0.03 0.03 0.03 0.03 0.03 0.03 0.03	0.03 0.03 0.03
216.0	+6.60	+2.59	+2.59	+4.37	+12.04	+0.00	+7.61	+1.60	+5.63	+0.02	+0.02	0.02	0.02	0.02	0.02 0.02 0.02 0.02 0.02 0.02 0.02 0.02	0.02 0.02 0.02
218.0	+6.67	+2.60	+2.58	+4.37	+12.04	+0.00	+7.61	+1.60	+5.61	+0.02	+0.02	0.02	0.02	0.02	0.02 0.02 0.02 0.02 0.02 0.02 0.02 0.02	0.02 0.02 0.02
220.0	+6.72	+2.65	+2.64	+4.37	+12.06	+0.00	+7.63	+1.65	+5.62	+0.02	+0.02	0.02	0.02	0.02	0.02 0.02 0.02 0.02 0.02 0.02 0.02 0.02	0.02 0.02 0.02
222.0	+6.60	+2.61	+2.59	+4.38	+12.07	+0.00	+7.62	+1.61	+5.58	+0.01	+0.03	0.03	0.03	0.03	0.03 0.03 0.03 0.03 0.03 0.03 0.03 0.03	0.03 0.03 0.03
224.0	+6.60	+2.61	+2.60	+4.37	+12.06	+0.00	+7.61	+1.62	+5.58	+0.01	+0.02	0.02	0.02	0.02	0.02 0.02 0.02 0.02 0.02 0.02 0.02 0.02	0.02 0.02 0.02
226.0	+6.69	+2.62	+2.60	+4.38	+12.07	+0.00	+7.62	+1.63	+5.58	+0.01	+0.02	0.02	0.02	0.02	0.02 0.02 0.02 0.02 0.02 0.02 0.02 0.02	0.02 0.02 0.02
228.0	+6.63	+2.64	+2.61	+4.39	+12.07	+0.00	+7.61	+1.63	+5.52	+0.02	+0.01	0.03	0.03	0.03	0.03 0.03 0.03 0.03 0.03 0.03 0.03 0.03	0.03 0.03 0.03
230.0	+6.71	+2.57	+2.59	+4.40	+12.07	+0.00	+7.61	+1.63	+5.59	+0.01	+0.02	0.02	0.02	0.02	0.02 0.02 0.02 0.02 0.02 0.02 0.02 0.02	0.02 0.02 0.02
232.0	+6.63	+2.63	+2.60	+4.40	+12.08	+0.00	+7.61	+1.63	+5.51	+0.01	+0.02	0.02	0.02	0.02	0.02 0.02 0.02 0.02 0.02 0.02 0.02 0.02	0.02 0.02 0.02
234.0	+6.59	+2.64	+2.60	+4.39	+12.07	+0.00	+7.61	+1.65	+5.60	+0.01	+0.02	0.02	0.02	0.02	0.02 0.02 0.02 0.02 0.02 0.02 0.02 0.02	0.02 0.02 0.02
236.0	+6.67	+2.64	+2.59	+4.40	+12.08	+0.00	+7.62	+1.64	+5.60	+0.01	+0.02	0.02	0.02	0.02	0.02 0.02 0.02 0.02 0.02 0.02 0.02 0.02	0.02 0.02 0.02
238.0	+6.73	+2.64	+2.61	+4.40	+12.08	+0.00	+7.59	+1.65	+5.60	+0.01	+0.02	0.02	0.02	0.02	0.02 0.02 0.02 0.02 0.02 0.02 0.02 0.02	0.02 0.02 0.02
240.0	+6.67	+2.65	+2.59	+4.40	+12.09	+0.00	+7.62	+1.66	+5.52	+0.01	+0.02	0.02	0.02	0.02	0.02 0.02 0.02 0.02 0.02 0.02 0.02 0.02	0.02 0.02 0.02
242.0	+6.62	+2.58	+2.62	+4.41	+12.09	+0.00	+7.62	+1.66	+5.61	+0.01	+0.02	0.02	0.02	0.02	0.02 0.02 0.02 0.02 0.02 0.02 0.02 0.02	0.02 0.02 0.02
244.0	+6.61	+2.59	+2.62	+4.40	+12.09	+0.00	+7.61	+1.67	+5.61	+0.01	+0.02	0.02	0.02	0.02	0.02 0.02 0.02 0.02 0.02 0.02 0.02 0.02	0.02 0.02 0.02
246.0	+6.65	+2.59	+2.60	+4.42	+12.09	+0.00	+7.62	+1.67	+5.57	+0.01	+0.02	0.02	0.02	0.02	0.02 0.02 0.02 0.02 0.02 0.02 0.02 0.02	0.02 0.02 0.02
248.0	+6.70	+2.59	+2.60	+4.42	+12.09	+0.00	+7.62	+1.67	+5.58	+0.01	+0.02	0.02	0.02	0.02	0.02 0.02 0.02 0.02 0.02 0.02 0.02 0.02	0.02 0.02 0.02
250.0	+6.68	+2.59	+2.61	+4.44	+12.08	+0.00	+7.63	+1.69	+5.58	+0.01	+0.02	0.02	0.02	0.02	0.02 0.02 0.02 0.02 0.02 0.02 0.02 0.02	0.02 0.02 0.02
252.0	+6.71	+2.60	+2.61	+4.43	+12.07	+0.00	+7.64	+1.64	+5.57	+0.01	+0.02	0.02	0.02	0.02	0.02 0.02 0.02 0.02 0.02 0.02 0.02 0.02	0.02 0.02 0.02
254.0	+6.66	+2.68	+2.61	+4.44	+12.09	+0.00	+7.62	+1.69	+5.57	+0.01	+0.02	0.02	0.02	0.02	0.02 0.02 0.02 0.02 0.02 0.02 0.02 0.02	0.02 0.02 0.02
256.0	+6.67	+2.58	+2.59	+4.42	+12.11	+0.00	+7.61	+1.63	+5.56	+0.01	+0.02	0.02	0.02	0.02	0.02 0.02 0.02 0.02 0.02 0.02 0.02 0.02	0.02 0.02 0.02
258.0	+6.68	+2.61	+2.59	+4.42	+12.11	+3226.45	+7.63	+1.71	+5.58	+0.01	+0.02	0.02	0.02	0.02 0.02 0.02 0.02 0.02 0.02 0.02 0.02	0.02 0.02 0.02 0.02
260.0	+6.67	+2.61	+2.60	+4.41	+12.12	+406.54		+7.65	+1.71	+5.58	+0.01	+0.02	0.02	0.02	0.02 0.02 0.02 0.02 0.02 0.02 0.02 0.02	0.02 0.02 0.02 0.02
262.0	+6.67	+2.61	+2.60	+4.43	+12.10	+208.61		+7.65	+1.71	+5.58	+0.01	+0.02	0.02	0.02	0.02 0.02 0.02 0.02 0.02 0.02 0.02 0.02	0.02 0.02 0.02 0.02
264.0	+6.69	+2.61	+2.60	+4.45	+12.13	+142.25		+7.67	+1.71	+5.58	+0.01	+0.02	0.02	0.02	0.02 0.02 0.02 0.02 0.02 0.02 0.02 0.02	0.02 0.02 0.02 0.02
266.0	+6.68	+2.52	+2.63	+4.44	+12.11	+109.22		+7.68	+1.67	+5.58	+0.01	+0.02	0.02	0.02	0.02 0.02 0.02 0.02 0.02 0.02 0.02 0.02	0.02 0.02 0.02 0.02
268.0	+6.69	+2.62	+2.61	+4.45	+12.13	+89.69		+7.69	+1.73	+5.59	+0.01	+0.02	0.02	0.02	0.02 0.02 0.02 0.02 0.02 0.02 0.02 0.02	0.02 0.02 0.02 0.02
270.0	+6.69	+2.61	+2.61	+4.42	+12.13	+76.58		+7.69	+1.73	+5.58	+0.01	+0.02	0.02	0.02	0.02 0.02 0.02 0.02 0.02 0.02 0.02 0.02	0.02 0.02 0.02 0.02
272.0	+6.69	+2.60	+2.61	+4.46	+12.08	+67.38		+7.68	+1.68	+5.59	+0.01	+0.02	0.02	0.02	0.02 0.02 0.02 0.02 0.02 0.02 0.02 0.02	0.02 0.02 0.02 0.02
274.0	+6.70	+2.60	+2.58	+4.46	+12.15	+60.52		+7.71	+1.69	+5.59	+0.01	+0.02	0.02	0.02	0.02 0.02 0.02 0.02 0.02 0.02 0.02 0.02	0.02 0.02 0.02 0.02
276.0	+6.69	+2.61	+2.58	+4.46	+12.12	+55.23		+7.73	+1.75	+5.57	+0.01	+0.02	0.02	0.02	0.02 0.02 0.02 0.02 0.02 0.02 0.02 0.02	0.02 0.02 0.02 0.02
278.0	+6.70	+2.61	+2.61	+4.45	+12.11	+51.06		+7.73	+1.75	+5.59	+0.01	+0.02	0.02	0.02	0.02 0.02 0.02 0.02 0.02 0.02 0.02 0.02	0.02 0.02 0.02 0.02
280.0	+6.68	+2.61	+2.58	+4.44	+12.14	+47.66		+7.74	+1.76	+5.59	+0.01	+0.02	0.02	0.02	0.02 0.02 0.02 0.02 0.02 0.02 0.02 0.02	0.02 0.02 0.02 0.02
282.0	+6.71	+2.60	+2.59	+4.46	+12.11	+44.89		+7.77	+1.76	+5.58	+0.01	+0.02	0.02	0.02	0.02 0.02 0.02 0.02 0.02 0.02 0.02 0.02	0.02 0.02 0.02 0.02
284.0	+6.70	+2.60	+2.59	+4.45	+12.13	+42.69		+7.77	+1.71	+5.59	+0.01	+0.02	0.02	0.02	0.02 0.02 0.02 0.02 0.02 0.02 0.02 0.02	0.02 0.02 0.02 0.02
286.0	+6.70	+2.60	+2.59	+4.50	+12.13	+40.76		+7.80	+1.71	+5.58	+0.01	+0.02	0.02	0.02	0.02 0.02 0.02 0.02 0.02 0.02 0.02 0.02	0.02 0.02 0.02 0.02
288.0	+6.69	+2.59	+2.59	+4.48	+12.12	+39.16		+7.82	+1.72	+5.58	+0.01	+0.02	0.02	0.02	0.02 0.02 0.02 0.02 0.02 0.02 0.02 0.02	0.02 0.02 0.02 0.02
290.0	+6.69	+2.61	+2.63	+4.49	+12.16	+37.82		+7.86	+1.79	+5.58	+0.01	+0.02	0.02	0.02	0.02 0.02 0.02 0.02 0.02 0.02 0.02 0.02	0.02 0.02 0.02 0.02
292.0	+6.70	+2.59	+2.59	+4.50	+12.16	+36.70		+7.87	+1.79	+5.60	+0.01	+0.02	0.02	0.02	0.02 0.02 0.02 0.02 0.02 0.02 0.02 0.02	0.02 0.02 0.02 0.02
294.0	+6.70	+2.59	+2.59	+4.47	+12.13	+35.76		+7.88	+1.73	+5.58	+0.01	+0.02	0.03	0.03	0.03 0.03 0.03 0.03 0.03 0.03 0.03 0.03	0.03 0.03 0.03 0.03
296.0	+6.70	+2.60	+2.59	+4.47	+12.17	+34.98		+7.93	+1.73	+5.58	+0.01	+0.02	0.03	0.03	0.03 0.03 0.03 0.03 0.03 0.03 0.03 0.03	0.03 0.03 0.03 0.03
298.0	+6.70	+2.61	+2.61	+4.52	+12.18	+34.36		+7.95	+1.82	+5.60	+0.01	+0.02	0.02	0.02	0.02 0.02 0.02 0.02 0.02 0.02 0.02 0.02	0.02 0.02 0.02 0.02
300.0	+6.70	+2.58	+2.59	+4.51	+12.12	+33.84		+7.97	+1.81	+5.58	+0.01	+0.03	0.03	0.03	0.03 0.03 0.03 0.03 0.03 0.03 0.03 0.03	0.03 0.03 0.03 0.03
305.0	+6.73	+2.58	+2.57	+4.46	+12.17	+33.10		+8.08	+1.84	+5.58	+0.01	+0.03	0.03	0.03	0.03 0.03 0.03 0.03 0.03 0.03 0.03 0.03	0.03 0.03 0.03 0.03
310.0	+6.71	+2.59	+2.62	+4.52	+12.19	+33.10		+8.19	+1.86	+5.59	+0.01	+0.03	0.03	0.03	0.03 0.03 0.03 0.03 0.03 0.03 0.03 0.03	0.03 0.03 0.03 0.03
315.0	+6.71	+2.56	+2.56	+4.48	+12.18	+33.79		+8.36	+1.86	+5.57	+0.01	+0.03	0.04	0.04	0.04 0.04 0.04 0.04 0.04 0.04 0.04 0.04	0.04 0.04 0.04 0.04
320.0	+6.81	+2.70	+2.70	+4.52	+12.18	+35.33		+8.63	+1.90	+5.69	+0.01	+0.04	0.04	0.04	0.04 0.04 0.04 0.04 0.04 0.04 0.04 0.04	0.04 0.04 0.04 0.04
325.0	+6.72	+2.51	+2.54	+4.54	+12.15	+38.12		+8.76	+1.88	+5.53	+0.01	+0.04	0.05	0.05	0.05 0.05 0.05 0.05 0.05 0.05 0.05 0.05	0.05 0.05 0.05 0.05
330.0	+6.76	+2.55	+2.55	+4.50	+12.15	+43.64		+9.13	+1.93	+5.60	+0.01	+0.05	0.06	0.06	0.06 0.06 0.06 0.06 0.06 0.06 0.06 0.06	0.06 0.06 0.06 0.06
335.0	+6.75	+2.53	+2.52	+4.56	+12.20	+55.84		+9.63	+1.93	+5.54	+0.02	+0.07	0.09	0.09	0.09 0.09 0.09 0.09 0.09 0.09 0.09 0.09	0.09 0.09 0.09 0.09
340.0	+6.74	+2.69	+2.66	+4.55	+12.13	+174.09		+10.77	+2.06	+5.62	+0.03	+0.10	0.27	0.27	0.27 0.27 0.27 0.27 0.27 0.27 0.27 0.27	0.27 0.27 0.27 0.27
345.0	+6.76	+2.52	+2.52	+4.53	+12.22	+394.49		+9.45	+3.35	+5.52	+0.20	+0.29	1.37	1.37	1.37 1.37 1.37 1.37 1.37 1.37 1.37 1.37	1.37 1.37 1.37 1.37
350.0	+7.09	+4.09	+4.11	+4.91	+12.39	+126.35		+9.39	+6.02	+7.57	+1.31	+1.41	2.06	2.06	2.06 2.06 2.06 2.06 2.06 2.06 2.06 2.06	2.06 2.06 2.06 2.06
360.0	+7.65	+5.19	+5.19	+5.50	+12.79	+40.85		+8.18	+8.97	+9.07	+2.23	+2.29	2.29	2.29	2.29 2.29 2.29 2.29 2.29 2.29 2.29 2.29	2.29 2.29 2.29 2.29
370.0	+7.74	+5.14	+5.16	+5.63	+12.94	+24.08		+7.77	+9.77	+9.20	+2.30	+2.33	2.33	2.33	2.33 2.33 2.33 2.33 2.33 2.33 2.33 2.33	2.33 2.33 2.33 2.33
380.0	+7.75	+5.01	+5.02	+5.60	+12.98	+17.07		+7.69	+10.05	+9.08	+2.24	+2.24	2.24	2.24	2.24 2.24 2.24 2.24 2.24 2.24 2.24 2.24	2.24 2.24 2.24 2.24
390.0	+7.74	+4.86	+4.89	+5.57	+13.02	+13.23		+7.73	+10.37	+8.97	+2.14	+2.12	2.14	2.14	2.14 2.14 2.14 2.14 2.14 2.14 2.14 2.14	2.14 2.14 2.14 2.14
400.0	+7.72	+4.65	+4.64	+5.58	+13.06	+10.91		+7.79	+10.41	+8.74	+2.01	+1.97	2.01	2.01	2.01 2.01 2.01 2.01 2.01 2.01 2.01 2.01	2.01 2.01 2.01 2.01
420.0	+7.72	+4.28	+4.28	+5.54	+13.09	+8.11		+7.91	+10.65	+8.27	+1.79	+1.73	1.79	1.79	1.79 1.79 1.79 1.79 1.79 1.79 1.79 1.79	1.79 1.79 1.79 1.79
440.0	+7.71	+4.05	+4.05	+5.57	+13.16	+6.54		+8.06	+10.73	+8.01	+1.59	+1.52	1.59	1.59	1.59 1.59 1.59 1.59 1.59 1.59 1.59 1.59	1.59 1.59 1.59 1.59
460.0	+7.72	+3.79	+3.83	+5.57	+13.17	+5.61		+8.15	+10.79	+7.70	+1.41	+1.34	1.41	1.41	1.41 1.41 1.41 1.41 1.41 1.41 1.41 1.41	1.41 1.41 1.41 1.41
480.0	+7.78	+3.62	+3.66	+5.58	+13.18	+4.97		+8.26	+10.96	+7.39	+1.27	+1.20	1.27	1.27	1.27 1.27 1.27 1.27 1.27 1.27 1.27 1.27	1.27 1.27 1.27 1.27
500.0	+8.25	+4.02	+4.09	+6.15	+13.78	+5.49		+8.87	+10.95	+7.71	+1.39	+1.35	1.39	1.39	1.39 1.39 1.39 1.39 1.39 1.39 1.39 1.39	1.39 1.39 1.39 1.39
520.0	+8.46	+4.12	+4.14	+6.29	+13.90	+5.80		+9.08	+9.92	+7.64	+1.39	+1.44	1.44	1.44	1.44 1.44 1.44 1.44 1.44 1.44 1.44 1.44	1.44 1.44 1.44 1.44
540.0	+8.64	+4.47	+4.41	+6.50	+14.09	+6.39		+9.27	+7.35	+7.60	+1.47	+1.53	1.53	1.53	1.53 1.53 1.53 1.53 1.53 1.53 1.53 1.53	1.53 1.53 1.53 1.53
560.0	+8.82	+4.64	+4.65	+6.67	+14.29	+6.95		+9.51	+7.75	+7.61	+1.55	+1.60	1.60	1.60	1.60 1.60 1.60 1.60 1.60 1.60 1.60 1.60	1.60 1.60 1.60 1.60
580.0	+9.00	+4.87	+4.90	+6.83	+14.45	+7.48		+9.72	+14.26	+7.78	+1.61	+1.65	1.65	1.65	1.65 1.65 1.65 1.65 1.65 1.65 1.65 1.65	1.65 1.65 1.65 1.65
600.0	+9.30	+5.28	+5.21	+7.12	+14.76	+8.15		+10.15	+19.82	+8.25	+1.65	+1.69	1.69	1.69	1.69 1.69 1.69 1.69 1.69 1.69 1.69 1.69	1.69 1.69 1.69 1.69
620.0	+9.56	+5.43	+5.41	+7.43	+15.03	+8.73		+10.36	+23.29	+8.55	+1.72	+1.75	1.75	1.75	1.75 1.75 1.75 1.75 1.75 1.75 1.75 1.75	1.75 1.75 1.75 1.75
640.0	+9.88	+5.79	+5.78	+7.74	+15.33	+9.45		+10.72	+27.25	+9.01	+1.75	+1.77	1.77	1.77	1.77 1.77 1.77 1.77 1.77 1.77 1.77 1.77	1.77 1.77 1.77 1.77
660.0	+10.21	+6.13	+6.16	+8.09	+15.65	+10.06		+11.07	+26.28	+9.47	+1.79	+1.81	1.81	1.81	1.81 1.81 1.81 1.81 1.81 1.81 1.81 1.81	1.81 1.81 1.81 1.81
680.0	+10.61	+6.56	+6.56	+8.48	+16.09	+10.89		+11.57	+21.83	+10.01	+1.82	+1.84	1.84	1.84	1.84 1.84 1.84 1.84 1.84 1.84 1.84 1.84	1.84 1.84 1.84 1.84
700.0	+11.07	+6.96	+6.98	+8.90	+16.53	+11.64		+11.92	+19.25	+10.54	+1.84	+1.85	1.87	1.87	1.87 1.87 1.87 1.87 1.87 1.87 1.87 1.87	1.87 1.87 1.87 1.87
720.0	+11.55	+7.48	+7.46	+9.40	+16.96	+12.57		+12.50	+16.82	+11.14	+1.88	+1.88	1.92	1.92	1.92 1.92 1.92 1.92 1.92 1.92 1.92 1.92	1.92 1.92 1.92 1.92
740.0	+12.08	+7.94	+7.96	+9.88	+17.48	+13.40		+13.05	+15.60	+11.71	+1.92	+1.91	1.94	1.94	1.94 1.94 1.94 1.94 1.94 1.94 1.94 1.94	1.94 1.94 1.94 1.94
760.0	+12.62	+8.54	+8.53	+10.50	+18.07	+14.42		+13.64	+14.75	+12.42	+1.93	+1.93	1.98	1.98	1.98 1.98 1.98 1.98 1.98 1.98 1.98 1.98	1.98 1.98 1.98 1.98
780.0	+13.30	+9.15	+9.18	+11.17	+18.79	+15.50		+14.30	+14.31	+13.10	+1.96	+1.96	2.02	2.02	2.02 2.02 2.02 2.02 2.02 2.02 2.02 2.02	2.02 2.02 2.02 2.02
800.0	+13.99	+9.88	+9.87	+11.89	+19.49	+16.71		+15.01	+14.43	+13.95	+1.99	+1.98	2.07	2.07	2.07 2.07 2.07 2.07 2.07 2.07 2.07 2.07	2.07 2.07 2.07 2.07
820.0	+14.82	+10.65	+10.66	+12.69	+20.31	+17.93		+15.93	+14.45	+14.77	+2.03	+2.01	2.11	2.11	2.11 2.11 2.11 2.11 2.11 2.11 2.11 2.11	2.11 2.11 2.11 2.11
840.0	+15.63	+11.48	+11.45	+13.47	+21.08	+19.33		+16.73	+14.56	+15.73	+2.04	+2.03	2.15	2.15	2.15 2.15 2.15 2.15 2.15 2.15 2.15 2.15	2.15 2.15 2.15 2.15
860.0	+16.61	+12.46	+12.45	+14.46	+22.03	+20.79		+17.71	+15.29	+16.75	+2.07	+2.05	2.20	2.20	2.20 2.20 2.20 2.20 2.20 2.20 2.20 2.20	2.20 2.20 2.20 2.20
880.0	+17.61	+13.47	+13.41	+15.51	+23.12	+22.40		+18.86	+15.76	+17.86	+2.09	+2.07	2.25	2.25	2.25 2.25 2.25 2.25 2.25 2.25 2.25 2.25	2.25 2.25 2.25 2.25
900.0	+18.76	+14.58	+14.62	+16.72	+24.26	+24.11		+19.98	+16.22	+19.03	+2.11	+2.09	2.29	2.29	2.29 2.29 2.29 2.29 2.29 2.29 2.29 2.29	2.29 2.29 2.29 2.29
920.0	+19.96	+15.79	+15.78	+17.82	+25.40	+25.98		+21.21	+17.86	+20.32	+2.14	+2.11	2.34	2.34	2.34 2.34 2.34 2.34 2.34 2.34 2.34 2.34	2.34 2.34 2.34 2.34
940.0	+21.39	+17.15	+17.16	+19.25	+26.77	+28.02		+22.50	+18.59	+21.73	+2.15	+2.13	2.39	2.39	2.39 2.39 2.39 2.39 2.39 2.39 2.39 2.39	2.39 2.39 2.39 2.39
960.0	+22.89	+18.63	+18.69	+20.77	+28.29	+30.23		+24.06	+19.89	+23.28	+2.17	+2.14	2.45	2.45	2.45 2.45 2.45 2.45 2.45 2.45 2.45 2.45	2.45 2.45 2.45 2.45
980.0	+24.46	+20.23	+20.22	+22.37	+29.91	+32.62		+25.74	+21.31	+24.94	+2.19	+2.16	2.50	2.50	2.50 2.50 2.50 2.50 2.50 2.50 2.50 2.50	2.50 2.50 2.50 2.50
1000.0	+26.26	+22.04	+22.03	+24.17	+31.79	+35.19		+27.50	+22.95	+26.77	+2.20	+2.17	2.55	2.55	2.55 2.55 2.55 2.55 2.55 2.55 2.55 2.55	2.55 2.55 2.55 2.55
