80.0	-1.48	-6.85	-7.15	-5.19	-12.06	-0.00	-11.58	-6.15	-0.00	-5.73	-5.63	-5.89	-5.89	-5.89	-5.89 -5.89 -5.89 -5.89 -5.89 -5.89 -5.89 -5.89 -5.89 -5.89 -5.89
81.0	-1.49	-6.83	-7.16	-5.19	-12.07	-0.00	-11.55	-6.15	-0.00	-5.72	-5.62	-5.86	-5.86	-5.86	-5.86 -5.86 -5.86 -5.86	-5.86 -5.86 -5.86 -5.86	-5.86 -5.86 -5.86
82.0	-1.50	-6.84	-7.17	-5.20	-12.09	-0.00	-11.56	-6.16	-0.00	-5.73	-5.63	-5.89	-5.89	-5.89	-5.89 -5.89 -5.89 -5.89	-5.89 -5.89 -5.89 -5.89	-5.89 -5.89 -5.89
83.0	-1.52	-6.85	-7.16	-5.20	-12.11	-0.00	-11.53	-6.13	-0.00	-5.73	-5.63	-5.85	-5.85	-5.85	-5.85 -5.85 -5.85 -5.85	-5.85 -5.85 -5.85 -5.85	-5.85 -5.85 -5.85
84.0	-1.53	-6.84	-7.17	-5.22	-12.09	-0.00	-11.52	-6.11	-0.00	-5.74	-5.64	-5.89	-5.89	-5.89	-5.89 -5.89 -5.89 -5.89	-5.89 -5.89 -5.89 -5.89	-5.89 -5.89 -5.89
85.0	-1.55	-6.83	-7.14	-5.22	-12.09	-0.00	-11.51	-6.15	-0.00	-5.73	-5.65	-5.85	-5.85	-5.85	-5.85 -5.85 -5.85 -5.85	-5.85 -5.85 -5.85 -5.85	-5.85 -5.85 -5.85
86.0	-1.56	-6.84	-7.16	-5.20	-12.09	-0.00	-11.48	-6.07	-0.00	-5.69	-5.61	-5.88	-5.88	-5.88	-5.88 -5.88 -5.88 -5.88	-5.88 -5.88 -5.88 -5.88	-5.88 -5.88 -5.88
87.0	-1.58	-6.84	-7.17	-5.21	-12.11	-0.00	-11.48	-6.12	-0.00	-5.74	-5.65	-5.85	-5.85	-5.85	-5.85 -5.85 -5.85 -5.85	-5.85 -5.85 -5.85 -5.85	-5.85 -5.85 -5.85
88.0	-1.59	-6.82	-7.14	-5.19	-12.12	-0.00	-11.44	-6.23	-0.00	-5.67	-5.59	-5.88	-5.88	-5.88	-5.88 -5.88 -5.88 -5.88	-5.88 -5.88 -5.88 -5.88	-5.88 -5.88 -5.88
89.0	-1.61	-6.82	-7.11	-5.22	-12.12	-0.00	-11.43	-6.14	-0.00	-5.73	-5.65	-5.81	-5.81	-5.81	-5.81 -5.81 -5.81 -5.81	-5.81 -5.81 -5.81 -5.81	-5.81 -5.81 -5.81
90.0	-1.63	-6.81	-7.11	-5.22	-12.13	-0.00	-11.43	-6.17	-0.00	-5.69	-5.61	-5.85	-5.85	-5.85	-5.85 -5.85 -5.85 -5.85	-5.85 -5.85 -5.85 -5.85	-5.85 -5.85 -5.85
91.0	-1.64	-6.80	-7.16	-5.23	-12.13	-0.00	-11.41	-6.15	-0.00	-5.69	-5.62	-5.81	-5.81	-5.81	-5.81 -5.81 -5.81 -5.81	-5.81 -5.81 -5.81 -5.81	-5.81 -5.81 -5.81
92.0	-1.66	-6.79	-7.10	-5.20	-12.13	-0.00	-11.37	-6.17	-10.09	-5.64	-5.58	-5.85	-5.85	-5.85	-5.85 -5.85 -5.85 -5.85	-5.85 -5.85 -5.85 -5.85	-5.85 -5.85 -5.85
93.0	-1.68	-6.80	-7.11	-5.19	-12.14	-0.00	-11.36	-6.10	-10.10	-5.62	-5.56	-5.85	-5.85	-5.85	-5.85 -5.85 -5.85 -5.85	-5.85 -5.85 -5.85 -5.85	-5.85 -5.85 -5.85
94.0	-1.70	-6.77	-7.10	-5.21	-12.15	-0.00	-11.35	-6.07	-10.11	-5.65	-5.58	-5.85	-5.85	-5.85	-5.85 -5.85 -5.85 -5.85	-5.85 -5.85 -5.85 -5.85	-5.85 -5.85 -5.85
95.0	-1.72	-6.77	-7.11	-5.21	-12.14	-0.00	-11.32	-6.11	-10.11	-5.64	-5.59	-5.8	-5.8	-5.8	-5.8  -5.8  -5.8  -5.8	-5.8  -5.8  -5.8  -5.8	-5.8  -5.8  -5.8
96.0	-1.74	-6.77	-7.07	-5.21	-12.14	-0.00	-11.29	-6.12	-10.08	-5.63	-5.58	-5.8	-5.8	-5.8	-5.8  -5.8  -5.8  -5.8	-5.8  -5.8  -5.8  -5.8	-5.8  -5.8  -5.8
97.0	-1.76	-6.76	-7.09	-5.22	-12.19	-0.00	-11.28	-6.05	-10.10	-5.60	-5.55	-5.8	-5.8	-5.8	-5.8  -5.8  -5.8  -5.8	-5.8  -5.8  -5.8  -5.8	-5.8  -5.8  -5.8
98.0	-1.78	-6.75	-7.07	-5.20	-12.17	-0.00	-11.26	-6.06	-10.07	-5.59	-5.55	-5.75	-5.75	-5.75	-5.75 -5.75 -5.75 -5.75	-5.75 -5.75 -5.75 -5.75	-5.75 -5.75 -5.75
99.0	-1.80	-6.73	-7.08	-5.24	-12.17	-0.00	-11.23	-6.04	-10.05	-5.59	-5.55	-5.78	-5.78	-5.78	-5.78 -5.78 -5.78 -5.78	-5.78 -5.78 -5.78 -5.78	-5.78 -5.78 -5.78
100.0	-1.83	-6.73	-7.04	-5.19	-12.17	-0.00	-11.21	-6.07	-10.05	-5.56	-5.53	-5.73	-5.73	-5.73	-5.73 -5.73 -5.73 -5.73	-5.73 -5.73 -5.73 -5.73	-5.73 -5.73 -5.73
101.0	-1.86	-6.71	-7.06	-5.21	-12.16	-0.00	-11.17	-6.04	-10.03	-5.57	-5.54	-5.69	-5.69	-5.69	-5.69 -5.69 -5.69 -5.69	-5.69 -5.69 -5.69 -5.69	-5.69 -5.69 -5.69
102.0	-1.88	-6.69	-7.05	-5.25	-12.17	-0.00	-11.15	-6.01	-10.02	-5.55	-5.52	-5.67	-5.67	-5.67	-5.67 -5.67 -5.67 -5.67	-5.67 -5.67 -5.67 -5.67	-5.67 -5.67 -5.67
103.0	-1.91	-6.68	-7.02	-5.22	-12.17	-0.00	-11.13	-5.98	-10.08	-5.53	-5.51	-5.67	-5.67	-5.67	-5.67 -5.67 -5.67 -5.67	-5.67 -5.67 -5.67 -5.67	-5.67 -5.67 -5.67
104.0	-1.94	-6.67	-7.02	-5.22	-12.21	-0.00	-11.10	-5.99	-9.98	-5.47	-5.45	-5.7	-5.7	-5.7	-5.7  -5.7  -5.7  -5.7	-5.7  -5.7  -5.7  -5.7	-5.7  -5.7  -5.7
105.0	-1.98	-6.65	-6.98	-5.21	-12.20	-0.00	-11.06	-5.93	-9.93	-5.50	-5.48	-5.59	-5.59	-5.59	-5.59 -5.59 -5.59 -5.59	-5.59 -5.59 -5.59 -5.59	-5.59 -5.59 -5.59
106.0	-2.01	-6.63	-6.95	-5.21	-12.23	-0.00	-11.03	-5.94	-9.95	-5.43	-5.41	-5.59	-5.59	-5.59	-5.59 -5.59 -5.59 -5.59	-5.59 -5.59 -5.59 -5.59	-5.59 -5.59 -5.59
107.0	-2.05	-6.60	-6.91	-5.20	-12.23	-0.00	-10.99	-5.92	-9.92	-5.43	-5.42	-5.54	-5.54	-5.54	-5.54 -5.54 -5.54 -5.54	-5.54 -5.54 -5.54 -5.54	-5.54 -5.54 -5.54
108.0	-2.09	-6.57	-6.91	-5.18	-12.22	-0.00	-10.95	-5.93	-9.87	-5.37	-5.35	-5.52	-5.52	-5.52	-5.52 -5.52 -5.52 -5.52	-5.52 -5.52 -5.52 -5.52	-5.52 -5.52 -5.52
109.0	-2.13	-6.55	-6.84	-5.18	-12.21	-0.00	-10.92	-5.86	-9.86	-5.31	-5.30	-5.51	-5.51	-5.51	-5.51 -5.51 -5.51 -5.51	-5.51 -5.51 -5.51 -5.51	-5.51 -5.51 -5.51
110.0	-2.18	-6.51	-6.81	-5.16	-12.22	-0.00	-10.88	-5.85	-9.82	-5.31	-5.30	-5.44	-5.44	-5.44	-5.44 -5.44 -5.44 -5.44	-5.44 -5.44 -5.44 -5.44	-5.44 -5.44 -5.44
110.5	-2.21	-6.50	-6.82	-5.14	-12.21	-0.00	-10.85	-5.78	-9.81	-5.25	-5.25	-5.45	-5.45	-5.45	-5.45 -5.45 -5.45 -5.45	-5.45 -5.45 -5.45 -5.45	-5.45 -5.45 -5.45
111.0	-2.23	-6.48	-6.83	-5.16	-12.21	-0.00	-10.84	-5.75	-9.79	-5.28	-5.27	-5.37	-5.37	-5.37	-5.37 -5.37 -5.37 -5.37	-5.37 -5.37 -5.37 -5.37	-5.37 -5.37 -5.37
111.5	-2.26	-6.45	-6.74	-5.14	-12.21	-0.00	-10.81	-5.76	-9.77	-5.24	-5.23	-5.35	-5.35	-5.35	-5.35 -5.35 -5.35 -5.35	-5.35 -5.35 -5.35 -5.35	-5.35 -5.35 -5.35
112.0	-2.28	-6.43	-6.72	-5.17	-12.21	-0.00	-10.78	-5.72	-9.72	-5.19	-5.19	-5.35	-5.35	-5.35	-5.35 -5.35 -5.35 -5.35	-5.35 -5.35 -5.35 -5.35	-5.35 -5.35 -5.35
112.5	-2.31	-6.41	-6.73	-5.11	-12.23	-0.00	-10.77	-5.70	-9.70	-5.19	-5.18	-5.31	-5.31	-5.31	-5.31 -5.31 -5.31 -5.31	-5.31 -5.31 -5.31 -5.31	-5.31 -5.31 -5.31
113.0	-2.33	-6.39	-6.72	-5.16	-12.24	-0.00	-10.74	-5.68	-9.70	-5.16	-5.16	-5.26	-5.26	-5.26	-5.26 -5.26 -5.26 -5.26	-5.26 -5.26 -5.26 -5.26	-5.26 -5.26 -5.26
113.5	-2.37	-6.38	-6.66	-5.11	-12.23	-0.00	-10.72	-5.67	-9.66	-5.12	-5.11	-5.28	-5.28	-5.28	-5.28 -5.28 -5.28 -5.28	-5.28 -5.28 -5.28 -5.28	-5.28 -5.28 -5.28
114.0	-2.39	-6.36	-6.68	-5.11	-12.21	-0.00	-10.69	-5.62	-9.66	-5.10	-5.10	-5.21	-5.21	-5.21	-5.21 -5.21 -5.21 -5.21	-5.21 -5.21 -5.21 -5.21	-5.21 -5.21 -5.21
114.5	-2.43	-6.33	-6.65	-5.11	-12.21	-0.00	-10.64	-5.62	-9.62	-5.06	-5.06	-5.2	-5.2	-5.2	-5.2  -5.2  -5.2  -5.2	-5.2  -5.2  -5.2  -5.2	-5.2  -5.2  -5.2
115.0	-2.46	-6.31	-6.63	-5.15	-12.21	-0.00	-10.64	-5.59	-9.61	-5.04	-5.04	-5.17	-5.17	-5.17	-5.17 -5.17 -5.17 -5.17	-5.17 -5.17 -5.17 -5.17	-5.17 -5.17 -5.17
115.5	-2.50	-6.28	-6.56	-5.12	-12.24	-0.00	-10.60	-5.54	-9.56	-5.01	-5.00	-5.14	-5.14	-5.14	-5.14 -5.14 -5.14 -5.14	-5.14 -5.14 -5.14 -5.14	-5.14 -5.14 -5.14
116.0	-2.52	-6.27	-6.53	-5.10	-12.23	-0.00	-10.58	-5.60	-9.55	-4.98	-4.98	-5.09	-5.09	-5.09	-5.09 -5.09 -5.09 -5.09	-5.09 -5.09 -5.09 -5.09	-5.09 -5.09 -5.09
116.5	-2.56	-6.24	-6.54	-5.10	-12.25	-0.00	-10.55	-5.58	-9.52	-4.94	-4.93	-5.05	-5.05	-5.05	-5.05 -5.05 -5.05 -5.05	-5.05 -5.05 -5.05 -5.05	-5.05 -5.05 -5.05
117.0	-2.60	-6.20	-6.49	-5.08	-12.23	-0.00	-10.52	-5.48	-9.48	-4.89	-4.88	-5.04	-5.04	-5.04	-5.04 -5.04 -5.04 -5.04	-5.04 -5.04 -5.04 -5.04	-5.04 -5.04 -5.04
117.5	-2.64	-6.18	-6.46	-5.05	-12.24	-0.00	-10.49	-5.45	-9.45	-4.84	-4.84	-5.01	-5.01	-5.01	-5.01 -5.01 -5.01 -5.01	-5.01 -5.01 -5.01 -5.01	-5.01 -5.01 -5.01
118.0	-2.67	-6.15	-6.42	-5.07	-12.25	-0.00	-10.47	-5.44	-9.43	-4.82	-4.82	-4.95	-4.95	-4.95	-4.95 -4.95 -4.95 -4.95	-4.95 -4.95 -4.95 -4.95	-4.95 -4.95 -4.95
118.5	-2.71	-6.12	-6.38	-5.04	-12.21	-0.00	-10.43	-5.42	-9.39	-4.78	-4.78	-4.91	-4.91	-4.91	-4.91 -4.91 -4.91 -4.91	-4.91 -4.91 -4.91 -4.91	-4.91 -4.91 -4.91
119.0	-2.74	-6.09	-6.38	-5.06	-12.21	-0.00	-10.40	-5.39	-9.36	-4.74	-4.74	-4.85	-4.85	-4.85	-4.85 -4.85 -4.85 -4.85	-4.85 -4.85 -4.85 -4.85	-4.85 -4.85 -4.85
119.5	-2.79	-6.06	-6.36	-5.00	-12.23	-0.00	-10.36	-5.30	-9.37	-4.71	-4.71	-4.83	-4.83	-4.83	-4.83 -4.83 -4.83 -4.83	-4.83 -4.83 -4.83 -4.83	-4.83 -4.83 -4.83
120.0	-2.83	-6.01	-6.31	-4.99	-12.20	-0.00	-10.33	-5.28	-9.34	-4.66	-4.67	-4.76	-4.76	-4.76	-4.76 -4.76 -4.76 -4.76	-4.76 -4.76 -4.76 -4.76	-4.76 -4.76 -4.76
120.1	-2.83	-6.01	-6.27	-5.01	-12.25	-0.00	-10.33	-5.29	-9.24	-4.66	-4.66	-4.77	-4.77	-4.77	-4.77 -4.77 -4.77 -4.77	-4.77 -4.77 -4.77 -4.77	-4.77 -4.77 -4.77
120.2	-2.84	-6.01	-6.33	-5.01	-12.22	-0.00	-10.33	-5.24	-9.30	-4.65	-4.65	-4.74	-4.74	-4.74	-4.74 -4.74 -4.74 -4.74	-4.74 -4.74 -4.74 -4.74	-4.74 -4.74 -4.74
120.3	-2.85	-6.02	-6.27	-5.02	-12.24	-0.00	-10.31	-5.28	-9.28	-4.63	-4.63	-4.75	-4.75	-4.75	-4.75 -4.75 -4.75 -4.75	-4.75 -4.75 -4.75 -4.75	-4.75 -4.75 -4.75
120.4	-2.85	-6.00	-6.27	-5.00	-12.20	-0.00	-10.31	-5.27	-9.31	-4.63	-4.62	-4.74	-4.74	-4.74	-4.74 -4.74 -4.74 -4.74	-4.74 -4.74 -4.74 -4.74	-4.74 -4.74 -4.74
120.5	-2.86	-6.00	-6.24	-4.99	-12.23	-0.00	-10.30	-5.26	-9.23	-4.62	-4.63	-4.72	-4.72	-4.72	-4.72 -4.72 -4.72 -4.72	-4.72 -4.72 -4.72 -4.72	-4.72 -4.72 -4.72
120.6	-2.87	-5.98	-6.27	-4.99	-12.23	-0.00	-10.29	-5.25	-9.33	-4.63	-4.67	-4.71	-4.71	-4.71	-4.71 -4.71 -4.71 -4.71	-4.71 -4.71 -4.71 -4.71	-4.71 -4.71 -4.71
120.7	-2.88	-5.97	-6.24	-5.00	-12.19	-0.00	-10.27	-5.22	-9.19	-4.61	-4.60	-4.71	-4.71	-4.71	-4.71 -4.71 -4.71 -4.71	-4.71 -4.71 -4.71 -4.71	-4.71 -4.71 -4.71
120.8	-2.89	-5.97	-6.27	-5.00	-12.23	-0.00	-10.27	-5.25	-9.29	-4.58	-4.58	-4.73	-4.73	-4.73	-4.73 -4.73 -4.73 -4.73	-4.73 -4.73 -4.73 -4.73	-4.73 -4.73 -4.73
120.9	-2.90	-5.97	-6.24	-4.98	-12.21	-0.00	-10.27	-5.21	-9.15	-4.57	-4.57	-4.69	-4.69	-4.69	-4.69 -4.69 -4.69 -4.69	-4.69 -4.69 -4.69 -4.69	-4.69 -4.69 -4.69
121.0	-2.90	-5.97	-6.24	-4.97	-12.21	-0.00	-10.27	-5.26	-9.27	-4.57	-4.60	-4.66	-4.66	-4.66	-4.66 -4.66 -4.66 -4.66	-4.66 -4.66 -4.66 -4.66	-4.66 -4.66 -4.66
121.1	-2.92	-5.97	-6.26	-5.00	-12.19	-0.00	-10.25	-5.21	-9.19	-4.56	-4.56	-4.66	-4.66	-4.66	-4.66 -4.66 -4.66 -4.66	-4.66 -4.66 -4.66 -4.66	-4.66 -4.66 -4.66
121.2	-2.92	-5.95	-6.23	-5.00	-12.26	-0.00	-10.25	-5.18	-9.22	-4.57	-4.57	-4.64	-4.64	-4.64	-4.64 -4.64 -4.64 -4.64	-4.64 -4.64 -4.64 -4.64	-4.64 -4.64 -4.64
121.3	-2.94	-5.93	-6.20	-4.95	-12.21	-0.00	-10.24	-5.23	-9.15	-4.56	-4.56	-4.64	-4.64	-4.64	-4.64 -4.64 -4.64 -4.64	-4.64 -4.64 -4.64 -4.64	-4.64 -4.64 -4.64
121.4	-2.94	-5.95	-6.21	-4.97	-12.24	-0.00	-10.24	-5.18	-9.18	-4.53	-4.54	-4.66	-4.66	-4.66	-4.66 -4.66 -4.66 -4.66	-4.66 -4.66 -4.66 -4.66	-4.66 -4.66 -4.66
121.5	-2.95	-5.92	-6.20	-4.99	-12.20	-0.00	-10.23	-5.16	-9.22	-4.53	-4.52	-4.64	-4.64	-4.64	-4.64 -4.64 -4.64 -4.64	-4.64 -4.64 -4.64 -4.64	-4.64 -4.64 -4.64
121.6	-2.96	-5.90	-6.20	-4.99	-12.21	-0.00	-10.21	-5.22	-9.13	-4.54	-4.54	-4.6	-4.6	-4.6	-4.6  -4.6  -4.6  -4.6	-4.6  -4.6  -4.6  -4.6	-4.6  -4.6  -4.6
121.7	-2.97	-5.92	-6.22	-5.00	-12.21	-0.00	-10.22	-5.19	-9.20	-4.52	-4.53	-4.61	-4.61	-4.61	-4.61 -4.61 -4.61 -4.61	-4.61 -4.61 -4.61 -4.61	-4.61 -4.61 -4.61
121.8	-2.98	-5.88	-6.14	-4.94	-12.19	-0.00	-10.20	-5.15	-9.20	-4.51	-4.52	-4.59	-4.59	-4.59	-4.59 -4.59 -4.59 -4.59	-4.59 -4.59 -4.59 -4.59	-4.59 -4.59 -4.59
121.9	-2.99	-5.88	-6.15	-4.95	-12.19	-0.00	-10.20	-5.14	-9.14	-4.49	-4.49	-4.59	-4.59	-4.59	-4.59 -4.59 -4.59 -4.59	-4.59 -4.59 -4.59 -4.59	-4.59 -4.59 -4.59
122.0	-2.99	-5.89	-6.16	-4.96	-12.21	-0.00	-10.19	-5.15	-9.18	-4.48	-4.48	-4.58	-4.58	-4.58	-4.58 -4.58 -4.58 -4.58	-4.58 -4.58 -4.58 -4.58	-4.58 -4.58 -4.58
122.1	-3.01	-5.88	-6.12	-4.94	-12.23	-0.00	-10.19	-5.11	-9.04	-4.47	-4.47	-4.58	-4.58	-4.58	-4.58 -4.58 -4.58 -4.58	-4.58 -4.58 -4.58 -4.58	-4.58 -4.58 -4.58
122.2	-3.01	-5.87	-6.10	-4.95	-12.19	-0.00	-10.18	-5.10	-9.09	-4.46	-4.46	-4.57	-4.57	-4.57	-4.57 -4.57 -4.57 -4.57	-4.57 -4.57 -4.57 -4.57	-4.57 -4.57 -4.57
122.3	-3.03	-5.85	-6.10	-4.95	-12.20	-0.00	-10.17	-5.10	-9.12	-4.45	-4.45	-4.56	-4.56	-4.56	-4.56 -4.56 -4.56 -4.56	-4.56 -4.56 -4.56 -4.56	-4.56 -4.56 -4.56
122.4	-3.03	-5.87	-6.11	-4.97	-12.24	-0.00	-10.18	-5.11	-9.06	-4.45	-4.45	-4.54	-4.54	-4.54	-4.54 -4.54 -4.54 -4.54	-4.54 -4.54 -4.54 -4.54	-4.54 -4.54 -4.54
122.5	-3.03	-5.87	-6.08	-4.97	-12.20	-0.00	-10.16	-5.08	-9.09	-4.44	-4.44	-4.52	-4.52	-4.52	-4.52 -4.52 -4.52 -4.52	-4.52 -4.52 -4.52 -4.52	-4.52 -4.52 -4.52
122.6	-3.05	-5.84	-6.07	-4.94	-12.18	-0.00	-10.16	-5.07	-9.13	-4.45	-4.46	-4.51	-4.51	-4.51	-4.51 -4.51 -4.51 -4.51	-4.51 -4.51 -4.51 -4.51	-4.51 -4.51 -4.51
122.7	-3.06	-5.83	-6.08	-4.94	-12.20	-0.00	-10.15	-5.06	-9.00	-4.41	-4.40	-4.52	-4.52	-4.52	-4.52 -4.52 -4.52 -4.52	-4.52 -4.52 -4.52 -4.52	-4.52 -4.52 -4.52
122.8	-3.06	-5.84	-6.08	-4.95	-12.23	-0.00	-10.14	-5.09	-9.09	-4.43	-4.43	-4.49	-4.49	-4.49	-4.49 -4.49 -4.49 -4.49	-4.49 -4.49 -4.49 -4.49	-4.49 -4.49 -4.49
122.9	-3.08	-5.82	-6.09	-4.91	-12.19	-0.00	-10.13	-5.08	-9.08	-4.39	-4.40	-4.49	-4.49	-4.49	-4.49 -4.49 -4.49 -4.49	-4.49 -4.49 -4.49 -4.49	-4.49 -4.49 -4.49
123.0	-3.07	-5.81	-6.09	-4.94	-12.22	-0.00	-10.12	-5.08	-9.00	-4.41	-4.40	-4.46	-4.46	-4.46	-4.46 -4.46 -4.46 -4.46	-4.46 -4.46 -4.46 -4.46	-4.46 -4.46 -4.46
123.1	-3.09	-5.79	-6.09	-4.94	-12.22	-0.00	-10.10	-5.07	-9.03	-4.39	-4.40	-4.46	-4.46	-4.46	-4.46 -4.46 -4.46 -4.46	-4.46 -4.46 -4.46 -4.46	-4.46 -4.46 -4.46
123.2	-3.10	-5.80	-6.10	-4.95	-12.20	-0.00	-10.11	-5.01	-9.03	-4.38	-4.37	-4.46	-4.46	-4.46	-4.46 -4.46 -4.46 -4.46	-4.46 -4.46 -4.46 -4.46	-4.46 -4.46 -4.46
123.3	-3.12	-5.78	-6.04	-4.90	-12.21	-0.00	-10.10	-5.05	-9.01	-4.34	-4.29	-4.48	-4.48	-4.48	-4.48 -4.48 -4.48 -4.48	-4.48 -4.48 -4.48 -4.48	-4.48 -4.48 -4.48
123.4	-3.13	-5.78	-6.04	-4.91	-12.18	-0.00	-10.11	-5.06	-8.99	-4.35	-4.35	-4.45	-4.45	-4.45	-4.45 -4.45 -4.45 -4.45	-4.45 -4.45 -4.45 -4.45	-4.45 -4.45 -4.45
123.5	-3.13	-5.77	-6.05	-4.95	-12.21	-0.00	-10.09	-5.01	-9.08	-4.35	-4.35	-4.42	-4.42	-4.42	-4.42 -4.42 -4.42 -4.42	-4.42 -4.42 -4.42 -4.42	-4.42 -4.42 -4.42
123.6	-3.14	-5.77	-6.05	-4.95	-12.18	-0.00	-10.08	-5.00	-8.96	-4.35	-4.35	-4.41	-4.41	-4.41	-4.41 -4.41 -4.41 -4.41	-4.41 -4.41 -4.41 -4.41	-4.41 -4.41 -4.41
123.7	-3.14	-5.77	-5.98	-4.92	-12.19	-0.00	-10.07	-5.03	-8.94	-4.34	-4.34	-4.38	-4.38	-4.38	-4.38 -4.38 -4.38 -4.38	-4.38 -4.38 -4.38 -4.38	-4.38 -4.38 -4.38
123.8	-3.17	-5.73	-6.00	-4.92	-12.17	-0.00	-10.06	-4.98	-9.02	-4.30	-4.30	-4.41	-4.41	-4.41	-4.41 -4.41 -4.41 -4.41	-4.41 -4.41 -4.41 -4.41	-4.41 -4.41 -4.41
123.9	-3.17	-5.73	-6.01	-4.89	-12.19	-0.00	-10.05	-4.98	-8.90	-4.30	-4.30	-4.37	-4.37	-4.37	-4.37 -4.37 -4.37 -4.37	-4.37 -4.37 -4.37 -4.37	-4.37 -4.37 -4.37
124.0	-3.18	-5.74	-5.98	-4.90	-12.18	-0.00	-10.04	-4.98	-8.98	-4.29	-4.28	-4.39	-4.39	-4.39	-4.39 -4.39 -4.39 -4.39	-4.39 -4.39 -4.39 -4.39	-4.39 -4.39 -4.39
124.1	-3.18	-5.74	-6.00	-4.95	-12.22	-0.00	-10.06	-4.99	-8.98	-4.28	-4.28	-4.36	-4.36	-4.36	-4.36 -4.36 -4.36 -4.36	-4.36 -4.36 -4.36 -4.36	-4.36 -4.36 -4.36
124.2	-3.18	-5.73	-5.96	-4.90	-12.21	-0.00	-10.03	-4.97	-8.92	-4.27	-4.27	-4.32	-4.32	-4.32	-4.32 -4.32 -4.32 -4.32	-4.32 -4.32 -4.32 -4.32	-4.32 -4.32 -4.32
124.3	-3.21	-5.72	-5.96	-4.93	-12.18	-0.00	-10.02	-4.97	-8.94	-4.26	-4.26	-4.35	-4.35	-4.35	-4.35 -4.35 -4.35 -4.35	-4.35 -4.35 -4.35 -4.35	-4.35 -4.35 -4.35
124.4	-3.22	-5.70	-5.96	-4.91	-12.19	-0.00	-10.01	-4.97	-8.98	-4.25	-4.25	-4.34	-4.34	-4.34	-4.34 -4.34 -4.34 -4.34	-4.34 -4.34 -4.34 -4.34	-4.34 -4.34 -4.34
124.5	-3.23	-5.68	-5.94	-4.91	-12.21	-0.00	-10.01	-4.90	-8.90	-4.25	-4.25	-4.32	-4.32	-4.32	-4.32 -4.32 -4.32 -4.32	-4.32 -4.32 -4.32 -4.32	-4.32 -4.32 -4.32
124.6	-3.23	-5.71	-5.98	-4.93	-12.19	-0.00	-10.02	-4.98	-8.97	-4.22	-4.22	-4.32	-4.32	-4.32	-4.32 -4.32 -4.32 -4.32	-4.32 -4.32 -4.32 -4.32	-4.32 -4.32 -4.32
124.7	-3.24	-5.69	-5.91	-4.87	-12.18	-0.00	-9.99	-4.92	-8.93	-4.21	-4.21	-4.3	-4.3	-4.3	-4.3  -4.3  -4.3  -4.3	-4.3  -4.3  -4.3  -4.3	-4.3  -4.3  -4.3
124.8	-3.25	-5.68	-5.98	-4.91	-12.17	-0.00	-10.00	-4.90	-8.87	-4.23	-4.26	-4.28	-4.28	-4.28	-4.28 -4.28 -4.28 -4.28	-4.28 -4.28 -4.28 -4.28	-4.28 -4.28 -4.28
124.9	-3.26	-5.66	-5.91	-4.88	-12.21	-0.00	-9.97	-4.89	-8.90	-4.18	-4.18	-4.27	-4.27	-4.27	-4.27 -4.27 -4.27 -4.27	-4.27 -4.27 -4.27 -4.27	-4.27 -4.27 -4.27
125.0	-3.27	-5.67	-5.86	-4.86	-12.21	-0.00	-9.98	-4.89	-8.83	-4.20	-4.21	-4.28	-4.28	-4.28	-4.28 -4.28 -4.28 -4.28	-4.28 -4.28 -4.28 -4.28	-4.28 -4.28 -4.28
125.1	-3.28	-5.64	-5.91	-4.92	-12.20	-0.00	-9.95	-4.88	-8.86	-4.17	-4.18	-4.24	-4.24	-4.24	-4.24 -4.24 -4.24 -4.24	-4.24 -4.24 -4.24 -4.24	-4.24 -4.24 -4.24
125.2	-3.29	-5.63	-5.86	-4.87	-12.18	-0.00	-9.96	-4.89	-8.81	-4.18	-4.17	-4.23	-4.23	-4.23	-4.23 -4.23 -4.23 -4.23	-4.23 -4.23 -4.23 -4.23	-4.23 -4.23 -4.23
125.3	-3.30	-5.63	-5.93	-4.86	-12.19	-0.00	-9.95	-4.89	-8.85	-4.16	-4.16	-4.22	-4.22	-4.22	-4.22 -4.22 -4.22 -4.22	-4.22 -4.22 -4.22 -4.22	-4.22 -4.22 -4.22
125.4	-3.31	-5.62	-5.87	-4.89	-12.17	-0.00	-9.94	-4.88	-8.92	-4.15	-4.15	-4.21	-4.21	-4.21	-4.21 -4.21 -4.21 -4.21	-4.21 -4.21 -4.21 -4.21	-4.21 -4.21 -4.21
125.5	-3.32	-5.60	-5.83	-4.87	-12.19	-0.00	-9.94	-4.88	-8.82	-4.14	-4.11	-4.22	-4.22	-4.22	-4.22 -4.22 -4.22 -4.22	-4.22 -4.22 -4.22 -4.22	-4.22 -4.22 -4.22
125.6	-3.32	-5.61	-5.90	-4.87	-12.20	-0.00	-9.93	-4.87	-8.89	-4.13	-4.13	-4.18	-4.18	-4.18	-4.18 -4.18 -4.18 -4.18	-4.18 -4.18 -4.18 -4.18	-4.18 -4.18 -4.18
125.7	-3.34	-5.61	-5.83	-4.86	-12.18	-0.00	-9.92	-4.87	-8.79	-4.11	-4.11	-4.18	-4.18	-4.18	-4.18 -4.18 -4.18 -4.18	-4.18 -4.18 -4.18 -4.18	-4.18 -4.18 -4.18
125.8	-3.34	-5.59	-5.84	-4.89	-12.20	-0.00	-9.92	-4.87	-8.86	-4.10	-4.12	-4.15	-4.15	-4.15	-4.15 -4.15 -4.15 -4.15	-4.15 -4.15 -4.15 -4.15	-4.15 -4.15 -4.15
125.9	-3.35	-5.58	-5.82	-4.90	-12.20	-0.00	-9.91	-4.87	-8.77	-4.09	-4.10	-4.15	-4.15	-4.15	-4.15 -4.15 -4.15 -4.15	-4.15 -4.15 -4.15 -4.15	-4.15 -4.15 -4.15
126.0	-3.36	-5.59	-5.85	-4.88	-12.20	-0.00	-9.90	-4.80	-8.84	-4.08	-4.08	-4.14	-4.14	-4.14	-4.14 -4.14 -4.14 -4.14	-4.14 -4.14 -4.14 -4.14	-4.14 -4.14 -4.14
126.1	-3.38	-5.57	-5.85	-4.89	-12.22	-0.00	-9.89	-4.80	-8.82	-4.07	-4.07	-4.15	-4.15	-4.15	-4.15 -4.15 -4.15 -4.15	-4.15 -4.15 -4.15 -4.15	-4.15 -4.15 -4.15
126.2	-3.39	-5.55	-5.79	-4.86	-12.22	-0.00	-9.89	-4.80	-8.72	-4.06	-4.06	-4.14	-4.14	-4.14	-4.14 -4.14 -4.14 -4.14	-4.14 -4.14 -4.14 -4.14	-4.14 -4.14 -4.14
126.3	-3.40	-5.55	-5.78	-4.83	-12.17	-0.00	-9.87	-4.79	-8.79	-4.04	-4.04	-4.12	-4.12	-4.12	-4.12 -4.12 -4.12 -4.12	-4.12 -4.12 -4.12 -4.12	-4.12 -4.12 -4.12
126.4	-3.41	-5.53	-5.78	-4.83	-12.16	-0.00	-9.86	-4.75	-8.74	-4.02	-4.02	-4.11	-4.11	-4.11	-4.11 -4.11 -4.11 -4.11	-4.11 -4.11 -4.11 -4.11	-4.11 -4.11 -4.11
126.5	-3.42	-5.54	-5.72	-4.84	-12.16	-0.00	-9.85	-4.75	-8.76	-4.01	-4.01	-4.09	-4.09	-4.09	-4.09 -4.09 -4.09 -4.09	-4.09 -4.09 -4.09 -4.09	-4.09 -4.09 -4.09
126.6	-3.42	-5.53	-5.73	-4.83	-12.19	-0.00	-9.86	-4.79	-8.76	-4.01	-4.01	-4.07	-4.07	-4.07	-4.07 -4.07 -4.07 -4.07	-4.07 -4.07 -4.07 -4.07	-4.07 -4.07 -4.07
126.7	-3.44	-5.52	-5.79	-4.83	-12.20	-0.00	-9.84	-4.74	-8.69	-4.01	-4.01	-4.07	-4.07	-4.07	-4.07 -4.07 -4.07 -4.07	-4.07 -4.07 -4.07 -4.07	-4.07 -4.07 -4.07
126.8	-3.45	-5.51	-5.75	-4.83	-12.17	-0.00	-9.83	-4.74	-8.71	-3.97	-3.97	-4.06	-4.06	-4.06	-4.06 -4.06 -4.06 -4.06	-4.06 -4.06 -4.06 -4.06	-4.06 -4.06 -4.06
126.9	-3.45	-5.52	-5.77	-4.82	-12.20	-0.00	-9.84	-4.72	-8.72	-3.97	-3.98	-4.03	-4.03	-4.03	-4.03 -4.03 -4.03 -4.03	-4.03 -4.03 -4.03 -4.03	-4.03 -4.03 -4.03
127.0	-3.47	-5.48	-5.74	-4.79	-12.19	-0.00	-9.82	-4.74	-8.70	-3.95	-3.95	-4.03	-4.03	-4.03	-4.03 -4.03 -4.03 -4.03	-4.03 -4.03 -4.03 -4.03	-4.03 -4.03 -4.03
127.1	-3.47	-5.49	-5.75	-4.81	-12.17	-0.00	-9.82	-4.68	-8.74	-3.95	-3.95	-4.01	-4.01	-4.01	-4.01 -4.01 -4.01 -4.01	-4.01 -4.01 -4.01 -4.01	-4.01 -4.01 -4.01
127.2	-3.49	-5.48	-5.70	-4.80	-12.18	-0.00	-9.80	-4.73	-8.67	-3.94	-3.94	-4.01	-4.01	-4.01	-4.01 -4.01 -4.01 -4.01	-4.01 -4.01 -4.01 -4.01	-4.01 -4.01 -4.01
127.3	-3.50	-5.48	-5.72	-4.82	-12.19	-0.00	-9.80	-4.67	-8.66	-3.92	-3.92	-4.01	-4.01	-4.01	-4.01 -4.01 -4.01 -4.01	-4.01 -4.01 -4.01 -4.01	-4.01 -4.01 -4.01
127.4	-3.51	-5.45	-5.71	-4.82	-12.14	-0.00	-9.78	-4.66	-8.64	-3.92	-3.91	-3.98	-3.98	-3.98	-3.98 -3.98 -3.98 -3.98	-3.98 -3.98 -3.98 -3.98	-3.98 -3.98 -3.98
127.5	-3.53	-5.46	-5.72	-4.83	-12.21	-0.00	-9.77	-4.67	-8.63	-3.89	-3.90	-3.99	-3.99	-3.99	-3.99 -3.99 -3.99 -3.99	-3.99 -3.99 -3.99 -3.99	-3.99 -3.99 -3.99
127.6	-3.54	-5.45	-5.73	-4.82	-12.18	-0.00	-9.77	-4.67	-8.67	-3.89	-3.89	-3.97	-3.97	-3.97	-3.97 -3.97 -3.97 -3.97	-3.97 -3.97 -3.97 -3.97	-3.97 -3.97 -3.97
127.7	-3.53	-5.45	-5.65	-4.82	-12.20	-0.00	-9.76	-4.66	-8.66	-3.90	-3.90	-3.93	-3.93	-3.93	-3.93 -3.93 -3.93 -3.93	-3.93 -3.93 -3.93 -3.93	-3.93 -3.93 -3.93
127.8	-3.56	-5.42	-5.65	-4.83	-12.17	-0.00	-9.75	-4.60	-8.64	-3.86	-3.85	-3.95	-3.95	-3.95	-3.95 -3.95 -3.95 -3.95	-3.95 -3.95 -3.95 -3.95	-3.95 -3.95 -3.95
127.9	-3.57	-5.42	-5.61	-4.80	-12.19	-0.00	-9.75	-4.65	-8.62	-3.85	-3.85	-3.94	-3.94	-3.94	-3.94 -3.94 -3.94 -3.94	-3.94 -3.94 -3.94 -3.94	-3.94 -3.94 -3.94
128.0	-3.57	-5.40	-5.62	-4.81	-12.15	-0.00	-9.74	-4.65	-8.62	-3.85	-3.85	-3.91	-3.91	-3.91	-3.91 -3.91 -3.91 -3.91	-3.91 -3.91 -3.91 -3.91	-3.91 -3.91 -3.91
128.1	-3.58	-5.39	-5.62	-4.82	-12.18	-0.00	-9.73	-4.62	-8.61	-3.83	-3.84	-3.9	-3.9	-3.9	-3.9  -3.9  -3.9  -3.9	-3.9  -3.9  -3.9  -3.9	-3.9  -3.9  -3.9
128.2	-3.58	-5.38	-5.64	-4.84	-12.16	-0.00	-9.72	-4.59	-8.60	-3.84	-3.84	-3.87	-3.87	-3.87	-3.87 -3.87 -3.87 -3.87	-3.87 -3.87 -3.87 -3.87	-3.87 -3.87 -3.87
128.3	-3.59	-5.39	-5.64	-4.85	-12.19	-0.00	-9.73	-4.59	-8.59	-3.82	-3.82	-3.87	-3.87	-3.87	-3.87 -3.87 -3.87 -3.87	-3.87 -3.87 -3.87 -3.87	-3.87 -3.87 -3.87
128.4	-3.61	-5.38	-5.57	-4.79	-12.15	-0.00	-9.71	-4.59	-8.58	-3.81	-3.81	-3.86	-3.86	-3.86	-3.86 -3.86 -3.86 -3.86	-3.86 -3.86 -3.86 -3.86	-3.86 -3.86 -3.86
128.5	-3.62	-5.37	-5.57	-4.80	-12.20	-0.00	-9.70	-4.59	-8.57	-3.79	-3.79	-3.84	-3.84	-3.84	-3.84 -3.84 -3.84 -3.84	-3.84 -3.84 -3.84 -3.84	-3.84 -3.84 -3.84
128.6	-3.62	-5.35	-5.57	-4.84	-12.17	-0.00	-9.69	-4.58	-8.55	-3.79	-3.79	-3.82	-3.82	-3.82	-3.82 -3.82 -3.82 -3.82	-3.82 -3.82 -3.82 -3.82	-3.82 -3.82 -3.82
128.7	-3.63	-5.34	-5.57	-4.78	-12.13	-0.00	-9.68	-4.57	-8.54	-3.79	-3.79	-3.8	-3.8	-3.8	-3.8  -3.8  -3.8  -3.8	-3.8  -3.8  -3.8  -3.8	-3.8  -3.8  -3.8
128.8	-3.65	-5.34	-5.51	-4.79	-12.18	-0.00	-9.68	-4.58	-8.56	-3.75	-3.76	-3.81	-3.81	-3.81	-3.81 -3.81 -3.81 -3.81	-3.81 -3.81 -3.81 -3.81	-3.81 -3.81 -3.81
128.9	-3.67	-5.32	-5.50	-4.79	-12.16	-0.00	-9.67	-4.57	-8.54	-3.73	-3.73	-3.81	-3.81	-3.81	-3.81 -3.81 -3.81 -3.81	-3.81 -3.81 -3.81 -3.81	-3.81 -3.81 -3.81
129.0	-3.68	-5.31	-5.54	-4.73	-12.14	-0.00	-9.64	-4.49	-8.49	-3.74	-3.74	-3.78	-3.78	-3.78	-3.78 -3.78 -3.78 -3.78	-3.78 -3.78 -3.78 -3.78	-3.78 -3.78 -3.78
129.1	-3.69	-5.29	-5.54	-4.80	-12.17	-0.00	-9.63	-4.49	-8.48	-3.72	-3.72	-3.77	-3.77	-3.77	-3.77 -3.77 -3.77 -3.77	-3.77 -3.77 -3.77 -3.77	-3.77 -3.77 -3.77
129.2	-3.69	-5.29	-5.52	-4.83	-12.16	-0.00	-9.65	-4.54	-8.52	-3.70	-3.70	-3.77	-3.77	-3.77	-3.77 -3.77 -3.77 -3.77	-3.77 -3.77 -3.77 -3.77	-3.77 -3.77 -3.77
129.3	-3.71	-5.30	-5.53	-4.77	-12.16	-0.00	-9.64	-4.54	-8.55	-3.69	-3.69	-3.75	-3.75	-3.75	-3.75 -3.75 -3.75 -3.75	-3.75 -3.75 -3.75 -3.75	-3.75 -3.75 -3.75
129.4	-3.72	-5.26	-5.51	-4.75	-12.19	-0.00	-9.62	-4.45	-8.44	-3.68	-3.68	-3.73	-3.73	-3.73	-3.73 -3.73 -3.73 -3.73	-3.73 -3.73 -3.73 -3.73	-3.73 -3.73 -3.73
129.5	-3.73	-5.27	-5.44	-4.81	-12.16	-0.00	-9.61	-4.45	-8.47	-3.66	-3.66	-3.73	-3.73	-3.73	-3.73 -3.73 -3.73 -3.73	-3.73 -3.73 -3.73 -3.73	-3.73 -3.73 -3.73
129.6	-3.73	-5.27	-5.47	-4.77	-12.15	-0.00	-9.62	-4.47	-8.45	-3.65	-3.65	-3.71	-3.71	-3.71	-3.71 -3.71 -3.71 -3.71	-3.71 -3.71 -3.71 -3.71	-3.71 -3.71 -3.71
129.7	-3.76	-5.24	-5.48	-4.79	-12.16	-0.00	-9.60	-4.45	-8.42	-3.63	-3.62	-3.72	-3.72	-3.72	-3.72 -3.72 -3.72 -3.72	-3.72 -3.72 -3.72 -3.72	-3.72 -3.72 -3.72
129.8	-3.75	-5.26	-5.47	-4.78	-12.14	-0.00	-9.59	-4.46	-8.49	-3.64	-3.64	-3.69	-3.69	-3.69	-3.69 -3.69 -3.69 -3.69	-3.69 -3.69 -3.69 -3.69	-3.69 -3.69 -3.69
129.9	-3.77	-5.22	-5.45	-4.78	-12.15	-0.00	-9.57	-4.44	-8.39	-3.62	-3.62	-3.68	-3.68	-3.68	-3.68 -3.68 -3.68 -3.68	-3.68 -3.68 -3.68 -3.68	-3.68 -3.68 -3.68
130.0	-3.78	-5.22	-5.41	-4.71	-12.14	-0.00	-9.56	-4.37	-8.45	-3.61	-3.61	-3.66	-3.66	-3.66	-3.66 -3.66 -3.66 -3.66	-3.66 -3.66 -3.66 -3.66	-3.66 -3.66 -3.66
130.5	-3.84	-5.17	-5.35	-4.74	-12.18	-0.00	-9.53	-4.37	-8.33	-3.54	-3.54	-3.6	-3.6	-3.6	-3.6  -3.6  -3.6  -3.6	-3.6  -3.6  -3.6  -3.6	-3.6  -3.6  -3.6
131.0	-3.88	-5.11	-5.37	-4.71	-12.13	-0.00	-9.50	-4.29	-8.28	-3.49	-3.49	-3.52	-3.52	-3.52	-3.52 -3.52 -3.52 -3.52	-3.52 -3.52 -3.52 -3.52	-3.52 -3.52 -3.52
131.5	-3.93	-5.08	-5.31	-4.68	-12.12	-0.00	-9.46	-4.25	-8.24	-3.43	-3.43	-3.46	-3.46	-3.46	-3.46 -3.46 -3.46 -3.46	-3.46 -3.46 -3.46 -3.46	-3.46 -3.46 -3.46
132.0	-3.99	-5.04	-5.25	-4.71	-12.11	-0.00	-9.41	-4.18	-8.19	-3.36	-3.36	-3.4	-3.4	-3.4	-3.4  -3.4  -3.4  -3.4	-3.4  -3.4  -3.4  -3.4	-3.4  -3.4  -3.4
132.5	-4.03	-4.97	-5.22	-4.69	-12.11	-0.00	-9.36	-4.17	-8.15	-3.31	-3.35	-3.35	-3.35	-3.35	-3.35 -3.35 -3.35 -3.35	-3.35 -3.35 -3.35 -3.35	-3.35 -3.35 -3.35
133.0	-4.09	-4.96	-5.12	-4.72	-12.15	-0.00	-9.36	-4.12	-8.13	-3.21	-3.21	-3.26	-3.26	-3.26	-3.26 -3.26 -3.26 -3.26	-3.26 -3.26 -3.26 -3.26	-3.26 -3.26 -3.26
133.5	-4.14	-4.89	-5.09	-4.69	-12.11	-0.00	-9.28	-4.06	-8.07	-3.18	-3.18	-3.2	-3.2	-3.2	-3.2  -3.2  -3.2  -3.2	-3.2  -3.2  -3.2  -3.2	-3.2  -3.2  -3.2
134.0	-4.20	-4.85	-4.96	-4.71	-12.14	-0.00	-9.24	-4.02	-7.96	-3.11	-3.11	-3.14	-3.14	-3.14	-3.14 -3.14 -3.14 -3.14	-3.14 -3.14 -3.14 -3.14	-3.14 -3.14 -3.14
134.5	-4.26	-4.79	-5.01	-4.64	-12.14	-0.00	-9.21	-3.98	-7.93	-3.04	-3.04	-3.08	-3.08	-3.08	-3.08 -3.08 -3.08 -3.08	-3.08 -3.08 -3.08 -3.08	-3.08 -3.08 -3.08
135.0	-4.32	-4.75	-4.94	-4.67	-12.09	-0.00	-9.17	-3.86	-7.89	-2.97	-2.97	-3.02	-3.02	-3.02	-3.02 -3.02 -3.02 -3.02	-3.02 -3.02 -3.02 -3.02	-3.02 -3.02 -3.02
135.5	-4.35	-4.66	-4.86	-4.65	-12.15	-0.00	-9.14	-3.85	-7.81	-2.92	-2.92	-2.93	-2.93	-2.93	-2.93 -2.93 -2.93 -2.93	-2.93 -2.93 -2.93 -2.93	-2.93 -2.93 -2.93
136.0	-4.42	-4.64	-4.79	-4.61	-12.12	-0.00	-9.10	-3.79	-7.79	-2.84	-2.84	-2.88	-2.88	-2.88	-2.88 -2.88 -2.88 -2.88	-2.88 -2.88 -2.88 -2.88	-2.88 -2.88 -2.88
136.5	-4.47	-4.60	-4.81	-4.61	-12.11	-0.00	-9.06	-3.78	-7.69	-2.78	-2.78	-2.82	-2.82	-2.82	-2.82 -2.82 -2.82 -2.82	-2.82 -2.82 -2.82 -2.82	-2.82 -2.82 -2.82
137.0	-4.51	-4.55	-4.76	-4.64	-12.11	-0.00	-9.01	-3.66	-7.65	-2.73	-2.73	-2.74	-2.74	-2.74	-2.74 -2.74 -2.74 -2.74	-2.74 -2.74 -2.74 -2.74	-2.74 -2.74 -2.74
137.5	-4.59	-4.51	-4.66	-4.61	-12.06	-0.00	-8.96	-3.65	-7.62	-2.66	-2.66	-2.68	-2.68	-2.68	-2.68 -2.68 -2.68 -2.68	-2.68 -2.68 -2.68 -2.68	-2.68 -2.68 -2.68
138.0	-4.64	-4.44	-4.64	-4.63	-12.04	-0.00	-8.94	-3.59	-7.60	-2.58	-2.57	-2.64	-2.64	-2.64	-2.64 -2.64 -2.64 -2.64	-2.64 -2.64 -2.64 -2.64	-2.64 -2.64 -2.64
138.5	-4.68	-4.38	-4.53	-4.60	-12.11	-0.00	-8.89	-3.51	-7.51	-2.53	-2.53	-2.55	-2.55	-2.55	-2.55 -2.55 -2.55 -2.55	-2.55 -2.55 -2.55 -2.55	-2.55 -2.55 -2.55
139.0	-4.74	-4.37	-4.58	-4.56	-12.08	-0.00	-8.89	-3.49	-7.48	-2.44	-2.44	-2.49	-2.49	-2.49	-2.49 -2.49 -2.49 -2.49	-2.49 -2.49 -2.49 -2.49	-2.49 -2.49 -2.49
139.5	-4.77	-4.31	-4.48	-4.64	-12.09	-0.00	-8.83	-3.44	-7.41	-2.40	-2.40	-2.41	-2.41	-2.41	-2.41 -2.41 -2.41 -2.41	-2.41 -2.41 -2.41 -2.41	-2.41 -2.41 -2.41
140.0	-4.83	-4.26	-4.48	-4.55	-12.09	-0.00	-8.78	-3.41	-7.39	-2.34	-2.35	-2.36	-2.36	-2.36	-2.36 -2.36 -2.36 -2.36	-2.36 -2.36 -2.36 -2.36	-2.36 -2.36 -2.36
140.5	-4.91	-4.19	-4.36	-4.52	-12.04	-0.00	-8.73	-3.30	-7.26	-2.27	-2.28	-2.3	-2.3	-2.3	-2.3  -2.3  -2.3  -2.3	-2.3  -2.3  -2.3  -2.3	-2.3  -2.3  -2.3
141.0	-4.94	-4.14	-4.31	-4.60	-12.10	-0.00	-8.71	-3.30	-7.27	-2.21	-2.21	-2.23	-2.23	-2.23	-2.23 -2.23 -2.23 -2.23	-2.23 -2.23 -2.23 -2.23	-2.23 -2.23 -2.23
141.5	-5.01	-4.11	-4.20	-4.47	-12.04	-0.00	-8.67	-3.17	-7.18	-2.15	-2.15	-2.18	-2.18	-2.18	-2.18 -2.18 -2.18 -2.18	-2.18 -2.18 -2.18 -2.18	-2.18 -2.18 -2.18
142.0	-5.02	-4.07	-4.22	-4.49	-12.05	-0.00	-8.64	-3.17	-7.17	-2.09	-2.10	-2.1	-2.1	-2.1	-2.1  -2.1  -2.1  -2.1	-2.1  -2.1  -2.1  -2.1	-2.1  -2.1  -2.1
142.5	-5.06	-4.01	-4.16	-4.57	-12.05	-0.00	-8.61	-3.13	-7.10	-2.04	-2.04	-2.04	-2.04	-2.04	-2.04 -2.04 -2.04 -2.04	-2.04 -2.04 -2.04 -2.04	-2.04 -2.04 -2.04
143.0	-5.13	-3.97	-4.05	-4.47	-12.04	-0.00	-8.56	-3.11	-7.04	-1.95	-1.95	-1.98	-1.98	-1.98	-1.98 -1.98 -1.98 -1.98	-1.98 -1.98 -1.98 -1.98	-1.98 -1.98 -1.98
143.5	-5.17	-3.94	-4.07	-4.44	-12.09	-0.00	-8.54	-3.06	-7.03	-1.89	-1.89	-1.91	-1.91	-1.91	-1.91 -1.91 -1.91 -1.91	-1.91 -1.91 -1.91 -1.91	-1.91 -1.91 -1.91
144.0	-5.20	-3.93	-4.02	-4.53	-12.02	-0.00	-8.53	-3.06	-7.02	-1.84	-1.83	-1.85	-1.85	-1.85	-1.85 -1.85 -1.85 -1.85	-1.85 -1.85 -1.85 -1.85	-1.85 -1.85 -1.85
144.5	-5.26	-3.85	-3.98	-4.45	-12.09	-0.00	-8.48	-2.98	-6.91	-1.78	-1.79	-1.8	-1.8	-1.8	-1.8  -1.8  -1.8  -1.8	-1.8  -1.8  -1.8  -1.8	-1.8  -1.8  -1.8
145.0	-5.27	-3.81	-3.88	-4.49	-12.12	-0.00	-8.45	-2.84	-6.88	-1.74	-1.74	-1.74	-1.74	-1.74	-1.74 -1.74 -1.74 -1.74	-1.74 -1.74 -1.74 -1.74	-1.74 -1.74 -1.74
145.5	-5.39	-3.80	-3.88	-4.48	-12.04	-0.00	-8.43	-2.89	-6.89	-1.66	-1.66	-1.7	-1.7	-1.7	-1.7  -1.7  -1.7  -1.7	-1.7  -1.7  -1.7  -1.7	-1.7  -1.7  -1.7
146.0	-5.36	-3.72	-3.85	-4.49	-12.03	-0.00	-8.39	-2.85	-6.82	-1.61	-1.62	-1.62	-1.62	-1.62	-1.62 -1.62 -1.62 -1.62	-1.62 -1.62 -1.62 -1.62	-1.62 -1.62 -1.62
146.5	-5.42	-3.62	-3.74	-4.46	-11.96	-0.00	-8.35	-2.70	-6.75	-1.57	-1.57	-1.57	-1.57	-1.57	-1.57 -1.57 -1.57 -1.57	-1.57 -1.57 -1.57 -1.57	-1.57 -1.57 -1.57
147.0	-5.42	-3.65	-3.70	-4.46	-11.97	-0.00	-8.32	-2.74	-6.65	-1.52	-1.52	-1.52	-1.52	-1.52	-1.52 -1.52 -1.52 -1.52	-1.52 -1.52 -1.52 -1.52	-1.52 -1.52 -1.52
147.5	-5.55	-3.56	-3.66	-4.45	-12.01	-0.00	-8.29	-2.61	-6.65	-1.46	-1.46	-1.47	-1.47	-1.47	-1.47 -1.47 -1.47 -1.47	-1.47 -1.47 -1.47 -1.47	-1.47 -1.47 -1.47
148.0	-5.51	-3.51	-3.61	-4.46	-12.01	-0.00	-8.26	-2.55	-6.57	-1.40	-1.42	-1.42	-1.42	-1.42	-1.42 -1.42 -1.42 -1.42	-1.42 -1.42 -1.42 -1.42	-1.42 -1.42 -1.42
148.5	-5.61	-3.50	-3.62	-4.46	-12.02	-0.00	-8.24	-2.59	-6.61	-1.33	-1.32	-1.35	-1.35	-1.35	-1.35 -1.35 -1.35 -1.35	-1.35 -1.35 -1.35 -1.35	-1.35 -1.35 -1.35
149.0	-5.67	-3.55	-3.57	-4.50	-12.05	-0.00	-8.22	-2.50	-6.57	-1.28	-1.29	-1.3	-1.3	-1.3	-1.3  -1.3  -1.3  -1.3	-1.3  -1.3  -1.3  -1.3	-1.3  -1.3  -1.3
149.5	-5.66	-3.41	-3.47	-4.43	-11.97	-0.00	-8.10	-2.43	-6.42	-1.25	-1.26	-1.26	-1.26	-1.26	-1.26 -1.26 -1.26 -1.26	-1.26 -1.26 -1.26 -1.26	-1.26 -1.26 -1.26
150.0	-5.73	-3.43	-3.49	-4.44	-12.01	-0.00	-8.17	-2.43	-6.49	-1.18	-1.18	-1.19	-1.19	-1.19	-1.19 -1.19 -1.19 -1.19	-1.19 -1.19 -1.19 -1.19	-1.19 -1.19 -1.19
152.0	-5.90	-3.30	-3.27	-4.42	-11.98	-0.00	-8.07	-2.27	-6.27	-0.98	-0.98	-0.99	-0.99	-0.99	-0.99 -0.99 -0.99 -0.99	-0.99 -0.99 -0.99 -0.99	-0.99 -0.99 -0.99
154.0	-6.01	-3.11	-3.19	-4.43	-12.01	-0.00	-7.98	-2.10	-6.11	-0.79	-0.80	-0.8	-0.8	-0.8	-0.8  -0.8  -0.8  -0.8	-0.8  -0.8  -0.8  -0.8	-0.8  -0.8  -0.8
156.0	-6.15	-2.99	-3.04	-4.40	-11.98	-0.00	-7.93	-2.02	-5.96	-0.61	-0.61	-0.62	-0.62	-0.62	-0.62 -0.62 -0.62 -0.62	-0.62 -0.62 -0.62 -0.62	-0.62 -0.62 -0.62
158.0	-6.26	-2.83	-2.86	-4.39	-11.94	-0.00	-7.81	-1.85	-5.88	-0.44	-0.44	-0.44	-0.44	-0.44	-0.44 -0.44 -0.44 -0.44	-0.44 -0.44 -0.44 -0.44	-0.44 -0.44 -0.44
160.0	-6.37	-2.75	-2.71	-4.37	-11.90	-0.00	-7.73	-1.72	-5.72	-0.27	-0.28	-0.28	-0.28	-0.28	-0.28 -0.28 -0.28 -0.28	-0.28 -0.28 -0.28 -0.28	-0.28 -0.28 -0.28
162.0	-6.42	-2.61	-2.66	-4.29	-11.86	-0.00	-7.65	-1.61	-5.61	-0.15	-0.18	-0.18	-0.18	-0.18	-0.18 -0.18 -0.18 -0.18	-0.18 -0.18 -0.18 -0.18	-0.18 -0.18 -0.18
164.0	-6.43	-2.69	-2.64	-4.30	-11.87	-0.00	-7.65	-1.58	-5.60	-0.11	-0.14	-0.14	-0.14	-0.14	-0.14 -0.14 -0.14 -0.14	-0.14 -0.14 -0.14 -0.14	-0.14 -0.14 -0.14
166.0	-6.46	-2.61	-2.66	-4.34	-11.89	-0.00	-7.69	-1.58	-5.60	-0.08	-0.12	-0.12	-0.12	-0.12	-0.12 -0.12 -0.12 -0.12	-0.12 -0.12 -0.12 -0.12	-0.12 -0.12 -0.12
168.0	-6.50	-2.62	-2.65	-4.36	-11.89	-0.00	-7.66	-1.69	-5.62	-0.07	-0.11	-0.11	-0.11	-0.11	-0.11 -0.11 -0.11 -0.11	-0.11 -0.11 -0.11 -0.11	-0.11 -0.11 -0.11
170.0	-6.50	-2.64	-2.63	-4.34	-11.90	-0.00	-7.67	-1.60	-5.59	-0.06	-0.10	-0.1	-0.1	-0.1	-0.1  -0.1  -0.1  -0.1	-0.1  -0.1  -0.1  -0.1	-0.1  -0.1  -0.1
172.0	-6.52	-2.61	-2.62	-4.36	-11.90	-0.00	-7.63	-1.65	-5.59	-0.06	-0.09	-0.1	-0.1	-0.1	-0.1  -0.1  -0.1  -0.1	-0.1  -0.1  -0.1  -0.1	-0.1  -0.1  -0.1
174.0	-6.51	-2.62	-2.65	-4.35	-11.90	-0.00	-7.67	-1.66	-5.59	-0.05	-0.09	-0.09	-0.09	-0.09	-0.09 -0.09 -0.09 -0.09	-0.09 -0.09 -0.09 -0.09	-0.09 -0.09 -0.09
176.0	-6.53	-2.61	-2.65	-4.33	-11.92	-0.00	-7.63	-1.65	-5.58	-0.05	-0.08	-0.08	-0.08	-0.08	-0.08 -0.08 -0.08 -0.08	-0.08 -0.08 -0.08 -0.08	-0.08 -0.08 -0.08
178.0	-6.51	-2.63	-2.66	-4.34	-11.91	-0.00	-7.60	-1.61	-5.60	-0.04	-0.07	-0.09	-0.09	-0.09	-0.09 -0.09 -0.09 -0.09	-0.09 -0.09 -0.09 -0.09	-0.09 -0.09 -0.09
180.0	-6.52	-2.61	-2.60	-4.34	-11.90	-0.00	-7.58	-1.60	-5.53	-0.04	-0.07	-0.07	-0.07	-0.07	-0.07 -0.07 -0.07 -0.07	-0.07 -0.07 -0.07 -0.07	-0.07 -0.07 -0.07
182.0	-6.54	-2.60	-2.64	-4.37	-11.90	-0.00	-7.54	-1.58	-5.58	-0.04	-0.05	-0.05	-0.05	-0.05	-0.05 -0.05 -0.05 -0.05	-0.05 -0.05 -0.05 -0.05	-0.05 -0.05 -0.05
184.0	-6.53	-2.59	-2.63	-4.34	-11.95	-0.00	-7.58	-1.59	-5.60	-0.03	-0.04	-0.04	-0.04	-0.04	-0.04 -0.04 -0.04 -0.04	-0.04 -0.04 -0.04 -0.04	-0.04 -0.04 -0.04
186.0	-6.53	-2.63	-2.66	-4.35	-11.89	-0.00	-7.56	-1.59	-5.55	-0.03	-0.03	-0.03	-0.03	-0.03	-0.03 -0.03 -0.03 -0.03	-0.03 -0.03 -0.03 -0.03	-0.03 -0.03 -0.03
188.0	-6.55	-2.62	-2.66	-4.35	-11.91	-0.00	-7.56	-1.58	-5.56	-0.03	-0.03	-0.03	-0.03	-0.03	-0.03 -0.03 -0.03 -0.03	-0.03 -0.03 -0.03 -0.03	-0.03 -0.03 -0.03
190.0	-6.55	-2.55	-2.53	-4.40	-11.85	-0.00	-7.57	-1.54	-5.52	-0.03	-0.03	-0.03	-0.03	-0.03	-0.03 -0.03 -0.03 -0.03	-0.03 -0.03 -0.03 -0.03	-0.03 -0.03 -0.03
192.0	-6.54	-2.63	-2.63	-4.35	-11.95	-0.00	-7.55	-1.62	-5.59	-0.03	-0.03	-0.04	-0.04	-0.04	-0.04 -0.04 -0.04 -0.04	-0.04 -0.04 -0.04 -0.04	-0.04 -0.04 -0.04
194.0	-6.56	-2.60	-2.55	-4.33	-11.97	-0.00	-7.55	-1.55	-5.52	-0.02	-0.03	-0.03	-0.03	-0.03	-0.03 -0.03 -0.03 -0.03	-0.03 -0.03 -0.03 -0.03	-0.03 -0.03 -0.03
196.0	-6.52	-2.64	-2.63	-4.38	-11.88	-0.00	-7.57	-1.63	-5.61	-0.02	-0.03	-0.03	-0.03	-0.03	-0.03 -0.03 -0.03 -0.03	-0.03 -0.03 -0.03 -0.03	-0.03 -0.03 -0.03
198.0	-6.53	-2.64	-2.64	-4.39	-11.92	-0.00	-7.57	-1.63	-5.60	-0.02	-0.03	-0.03	-0.03	-0.03	-0.03 -0.03 -0.03 -0.03	-0.03 -0.03 -0.03 -0.03	-0.03 -0.03 -0.03
200.0	-6.56	-2.64	-2.64	-4.43	-11.98	-0.00	-7.57	-1.63	-5.60	-0.02	-0.03	-0.03	-0.03	-0.03	-0.03 -0.03 -0.03 -0.03	-0.03 -0.03 -0.03 -0.03	-0.03 -0.03 -0.03
202.0	-6.54	-2.61	-2.63	-4.40	-11.89	-0.00	-7.56	-1.64	-5.60	-0.02	-0.02	-0.02	-0.02	-0.02	-0.02 -0.02 -0.02 -0.02	-0.02 -0.02 -0.02 -0.02	-0.02 -0.02 -0.02
204.0	-6.53	-2.55	-2.58	-4.39	-11.92	-0.00	-7.53	-1.58	-5.54	-0.02	-0.02	-0.03	-0.03	-0.03	-0.03 -0.03 -0.03 -0.03	-0.03 -0.03 -0.03 -0.03	-0.03 -0.03 -0.03
206.0	-6.54	-2.62	-2.63	-4.40	-11.98	-0.00	-7.54	-1.62	-5.60	-0.02	-0.02	-0.02	-0.02	-0.02	-0.02 -0.02 -0.02 -0.02	-0.02 -0.02 -0.02 -0.02	-0.02 -0.02 -0.02
208.0	-6.56	-2.57	-2.58	-4.41	-11.98	-0.00	-7.52	-1.59	-5.52	-0.02	-0.02	-0.02	-0.02	-0.02	-0.02 -0.02 -0.02 -0.02	-0.02 -0.02 -0.02 -0.02	-0.02 -0.02 -0.02
210.0	-6.59	-2.57	-2.57	-4.40	-11.93	-0.00	-7.54	-1.57	-5.55	-0.02	-0.02	-0.02	-0.02	-0.02	-0.02 -0.02 -0.02 -0.02	-0.02 -0.02 -0.02 -0.02	-0.02 -0.02 -0.02
212.0	-6.60	-2.64	-2.63	-4.42	-11.95	-0.00	-7.53	-1.66	-5.61	-0.02	-0.02	-0.02	-0.02	-0.02	-0.02 -0.02 -0.02 -0.02	-0.02 -0.02 -0.02 -0.02	-0.02 -0.02 -0.02
214.0	-6.56	-2.65	-2.64	-4.41	-11.95	-0.00	-7.54	-1.63	-5.61	-0.02	-0.02	-0.03	-0.03	-0.03	-0.03 -0.03 -0.03 -0.03	-0.03 -0.03 -0.03 -0.03	-0.03 -0.03 -0.03
216.0	-6.58	-2.63	-2.64	-4.41	-11.95	-0.00	-7.53	-1.66	-5.54	-0.02	-0.02	-0.02	-0.02	-0.02	-0.02 -0.02 -0.02 -0.02	-0.02 -0.02 -0.02 -0.02	-0.02 -0.02 -0.02
218.0	-6.57	-2.59	-2.59	-4.43	-11.96	-0.00	-7.54	-1.62	-5.51	-0.02	-0.02	-0.02	-0.02	-0.02	-0.02 -0.02 -0.02 -0.02	-0.02 -0.02 -0.02 -0.02	-0.02 -0.02 -0.02
220.0	-6.54	-2.60	-2.58	-4.42	-11.95	-0.00	-7.51	-1.63	-5.57	-0.02	-0.02	-0.02	-0.02	-0.02	-0.02 -0.02 -0.02 -0.02	-0.02 -0.02 -0.02 -0.02	-0.02 -0.02 -0.02
222.0	-6.63	-2.55	-2.59	-4.42	-11.94	-0.00	-7.52	-1.64	-5.51	-0.02	-0.03	-0.03	-0.03	-0.03	-0.03 -0.03 -0.03 -0.03	-0.03 -0.03 -0.03 -0.03	-0.03 -0.03 -0.03
224.0	-6.59	-2.61	-2.59	-4.43	-11.95	-0.00	-7.52	-1.61	-5.58	-0.02	-0.02	-0.02	-0.02	-0.02	-0.02 -0.02 -0.02 -0.02	-0.02 -0.02 -0.02 -0.02	-0.02 -0.02 -0.02
226.0	-6.54	-2.61	-2.60	-4.42	-11.95	-0.00	-7.51	-1.61	-5.58	-0.01	-0.02	-0.02	-0.02	-0.02	-0.02 -0.02 -0.02 -0.02	-0.02 -0.02 -0.02 -0.02	-0.02 -0.02 -0.02
228.0	-6.61	-2.56	-2.58	-4.44	-11.96	-0.00	-7.53	-1.62	-5.58	-0.01	-0.03	-0.03	-0.03	-0.03	-0.03 -0.03 -0.03 -0.03	-0.03 -0.03 -0.03 -0.03	-0.03 -0.03 -0.03
230.0	-6.55	-2.62	-2.61	-4.43	-11.97	-0.00	-7.51	-1.62	-5.51	-0.01	-0.02	-0.02	-0.02	-0.02	-0.02 -0.02 -0.02 -0.02	-0.02 -0.02 -0.02 -0.02	-0.02 -0.02 -0.02
232.0	-6.57	-2.56	-2.59	-4.45	-11.97	-0.00	-7.53	-1.63	-5.59	-0.01	-0.02	-0.02	-0.02	-0.02	-0.02 -0.02 -0.02 -0.02	-0.02 -0.02 -0.02 -0.02	-0.02 -0.02 -0.02
234.0	-6.63	-2.57	-2.60	-4.44	-11.97	-0.00	-7.52	-1.63	-5.59	-0.01	-0.02	-0.02	-0.02	-0.02	-0.02 -0.02 -0.02 -0.02	-0.02 -0.02 -0.02 -0.02	-0.02 -0.02 -0.02
236.0	-6.60	-2.57	-2.61	-4.45	-11.97	-0.00	-7.50	-1.64	-5.51	-0.01	-0.02	-0.02	-0.02	-0.02	-0.02 -0.02 -0.02 -0.02	-0.02 -0.02 -0.02 -0.02	-0.02 -0.02 -0.02
238.0	-6.57	-2.61	-2.61	-4.46	-11.98	-0.00	-7.52	-1.68	-5.55	-0.01	-0.02	-0.02	-0.02	-0.02	-0.02 -0.02 -0.02 -0.02	-0.02 -0.02 -0.02 -0.02	-0.02 -0.02 -0.02
240.0	-6.55	-2.58	-2.61	-4.45	-11.97	-0.00	-7.52	-1.65	-5.60	-0.01	-0.02	-0.02	-0.02	-0.02	-0.02 -0.02 -0.02 -0.02	-0.02 -0.02 -0.02 -0.02	-0.02 -0.02 -0.02
242.0	-6.67	-2.58	-2.59	-4.47	-11.98	-0.00	-7.51	-1.65	-5.51	-0.01	-0.02	-0.02	-0.02	-0.02	-0.02 -0.02 -0.02 -0.02	-0.02 -0.02 -0.02 -0.02	-0.02 -0.02 -0.02
244.0	-6.68	-2.61	-2.62	-4.46	-11.98	-0.00	-7.51	-1.68	-5.54	-0.01	-0.02	-0.02	-0.02	-0.02	-0.02 -0.02 -0.02 -0.02	-0.02 -0.02 -0.02 -0.02	-0.02 -0.02 -0.02
246.0	-6.65	-2.58	-2.62	-4.46	-11.98	-0.00	-7.53	-1.66	-5.57	-0.01	-0.02	-0.02	-0.02	-0.02	-0.02 -0.02 -0.02 -0.02	-0.02 -0.02 -0.02 -0.02	-0.02 -0.02 -0.02
248.0	-6.56	-2.59	-2.60	-4.46	-11.98	-0.00	-7.51	-1.67	-5.57	-0.01	-0.02	-0.02	-0.02	-0.02	-0.02 -0.02 -0.02 -0.02	-0.02 -0.02 -0.02 -0.02	-0.02 -0.02 -0.02
250.0	-6.64	-2.69	-2.60	-4.46	-12.00	-0.00	-7.51	-1.67	-5.57	-0.01	-0.02	-0.02	-0.02	-0.02	-0.02 -0.02 -0.02 -0.02	-0.02 -0.02 -0.02 -0.02	-0.02 -0.02 -0.02
252.0	-6.61	-2.59	-2.58	-4.47	-12.02	-0.00	-7.52	-1.73	-5.58	-0.01	-0.02	-0.02	-0.02	-0.02	-0.02 -0.02 -0.02 -0.02	-0.02 -0.02 -0.02 -0.02	-0.02 -0.02 -0.02
254.0	-6.62	-2.59	-2.58	-4.48	-12.00	-0.00	-7.54	-1.68	-5.58	-0.01	-0.02	-0.02	-0.02	-0.02	-0.02 -0.02 -0.02 -0.02	-0.02 -0.02 -0.02 -0.02	-0.02 -0.02 -0.02
256.0	-6.65	-2.60	-2.61	-4.51	-12.00	-0.00	-7.54	-1.70	-5.57	-0.01	-0.02	-0.02	-0.02	-0.02	-0.02 -0.02 -0.02 -0.02	-0.02 -0.02 -0.02 -0.02	-0.02 -0.02 -0.02
258.0	-6.62	-2.60	-2.62	-4.49	-11.99	-106.96	-7.55	-1.69	-5.58	-0.01	-0.02	-0.02	-0.02	-0.02	-0.02 -0.02 -0.02 -0.02	-0.02 -0.02 -0.02 -0.02	-0.02 -0.02 -0.02
260.0	-6.62	-2.60	-2.59	-4.49	-12.00	-105.37	-7.54	-1.70	-5.57	-0.01	-0.02	-0.02	-0.02	-0.02	-0.02 -0.02 -0.02 -0.02	-0.02 -0.02 -0.02 -0.02	-0.02 -0.02 -0.02
262.0	-6.62	-2.60	-2.59	-4.48	-12.01	-89.58	-7.55	-1.70	-5.57	-0.01	-0.02	-0.02	-0.02	-0.02	-0.02 -0.02 -0.02 -0.02	-0.02 -0.02 -0.02 -0.02	-0.02 -0.02 -0.02
264.0	-6.63	-2.61	-2.59	-4.48	-11.99	-75.33	-7.56	-1.71	-5.57	-0.01	-0.02	-0.02	-0.02	-0.02	-0.02 -0.02 -0.02 -0.02	-0.02 -0.02 -0.02 -0.02	-0.02 -0.02 -0.02
266.0	-6.63	-2.61	-2.60	-4.49	-12.02	-65.27	-7.56	-1.71	-5.58	-0.01	-0.02	-0.02	-0.02	-0.02	-0.02 -0.02 -0.02 -0.02	-0.02 -0.02 -0.02 -0.02	-0.02 -0.02 -0.02
268.0	-6.63	-2.61	-2.60	-4.50	-12.00	-57.91	-7.55	-1.72	-5.58	-0.01	-0.02	-0.02	-0.02	-0.02	-0.02 -0.02 -0.02 -0.02	-0.02 -0.02 -0.02 -0.02	-0.02 -0.02 -0.02
270.0	-6.62	-2.59	-2.60	-4.51	-12.00	-52.32	-7.57	-1.72	-5.58	-0.01	-0.02	-0.02	-0.02	-0.02	-0.02 -0.02 -0.02 -0.02	-0.02 -0.02 -0.02 -0.02	-0.02 -0.02 -0.02
272.0	-6.64	-2.60	-2.60	-4.49	-12.03	-47.96	-7.59	-1.73	-5.58	-0.01	-0.02	-0.02	-0.02	-0.02	-0.02 -0.02 -0.02 -0.02	-0.02 -0.02 -0.02 -0.02	-0.02 -0.02 -0.02
274.0	-6.64	-2.59	-2.61	-4.52	-12.01	-44.42	-7.58	-1.73	-5.58	-0.01	-0.02	-0.02	-0.02	-0.02	-0.02 -0.02 -0.02 -0.02	-0.02 -0.02 -0.02 -0.02	-0.02 -0.02 -0.02
276.0	-6.64	-2.60	-2.61	-4.52	-12.00	-41.55	-7.61	-1.74	-5.58	-0.01	-0.02	-0.02	-0.02	-0.02	-0.02 -0.02 -0.02 -0.02	-0.02 -0.02 -0.02 -0.02	-0.02 -0.02 -0.02
278.0	-6.64	-2.59	-2.58	-4.51	-12.03	-39.16	-7.61	-1.75	-5.58	-0.01	-0.02	-0.02	-0.02	-0.02	-0.02 -0.02 -0.02 -0.02	-0.02 -0.02 -0.02 -0.02	-0.02 -0.02 -0.02
280.0	-6.65	-2.59	-2.61	-4.50	-12.01	-37.15	-7.63	-1.75	-5.58	-0.01	-0.02	-0.02	-0.02	-0.02	-0.02 -0.02 -0.02 -0.02	-0.02 -0.02 -0.02 -0.02	-0.02 -0.02 -0.02
282.0	-6.64	-2.59	-2.61	-4.49	-12.03	-35.46	-7.63	-1.76	-5.59	-0.01	-0.02	-0.02	-0.02	-0.02	-0.02 -0.02 -0.02 -0.02	-0.02 -0.02 -0.02 -0.02	-0.02 -0.02 -0.02
284.0	-6.64	-2.59	-2.61	-4.51	-12.04	-33.96	-7.65	-1.76	-5.57	-0.01	-0.02	-0.02	-0.02	-0.02	-0.02 -0.02 -0.02 -0.02	-0.02 -0.02 -0.02 -0.02	-0.02 -0.02 -0.02
286.0	-6.65	-2.58	-2.62	-4.50	-12.02	-32.70	-7.65	-1.77	-5.57	-0.01	-0.02	-0.02	-0.02	-0.02	-0.02 -0.02 -0.02 -0.02	-0.02 -0.02 -0.02 -0.02	-0.02 -0.02 -0.02
288.0	-6.66	-2.60	-2.62	-4.51	-12.03	-31.65	-7.68	-1.77	-5.57	-0.01	-0.02	-0.02	-0.02	-0.02	-0.02 -0.02 -0.02 -0.02	-0.02 -0.02 -0.02 -0.02	-0.02 -0.02 -0.02
290.0	-6.65	-2.59	-2.58	-4.52	-12.03	-30.71	-7.70	-1.78	-5.57	-0.01	-0.02	-0.02	-0.02	-0.02	-0.02 -0.02 -0.02 -0.02	-0.02 -0.02 -0.02 -0.02	-0.02 -0.02 -0.02
292.0	-6.67	-2.59	-2.60	-4.50	-12.04	-29.89	-7.72	-1.80	-5.59	-0.01	-0.02	-0.02	-0.02	-0.02	-0.02 -0.02 -0.02 -0.02	-0.02 -0.02 -0.02 -0.02	-0.02 -0.02 -0.02
294.0	-6.67	-2.60	-2.60	-4.54	-12.02	-29.23	-7.74	-1.81	-5.59	-0.01	-0.03	-0.03	-0.03	-0.03	-0.03 -0.03 -0.03 -0.03	-0.03 -0.03 -0.03 -0.03	-0.03 -0.03 -0.03
296.0	-6.65	-2.57	-2.58	-4.55	-12.01	-28.62	-7.76	-1.79	-5.58	-0.01	-0.03	-0.03	-0.03	-0.03	-0.03 -0.03 -0.03 -0.03	-0.03 -0.03 -0.03 -0.03	-0.03 -0.03 -0.03
298.0	-6.66	-2.58	-2.59	-4.51	-12.02	-28.11	-7.77	-1.80	-5.58	-0.01	-0.02	-0.02	-0.02	-0.02	-0.02 -0.02 -0.02 -0.02	-0.02 -0.02 -0.02 -0.02	-0.02 -0.02 -0.02
300.0	-6.66	-2.59	-2.60	-4.51	-12.04	-27.71	-7.82	-1.82	-5.59	-0.01	-0.02	-0.03	-0.03	-0.03	-0.03 -0.03 -0.03 -0.03	-0.03 -0.03 -0.03 -0.03	-0.03 -0.03 -0.03
305.0	-6.66	-2.59	-2.60	-4.54	-12.00	-26.95	-7.86	-1.83	-5.59	-0.01	-0.02	-0.03	-0.03	-0.03	-0.03 -0.03 -0.03 -0.03	-0.03 -0.03 -0.03 -0.03	-0.03 -0.03 -0.03
310.0	-6.67	-2.56	-2.56	-4.52	-12.04	-26.56	-7.95	-1.85	-5.58	-0.01	-0.03	-0.03	-0.03	-0.03	-0.03 -0.03 -0.03 -0.03	-0.03 -0.03 -0.03 -0.03	-0.03 -0.03 -0.03
315.0	-6.69	-2.55	-2.58	-4.57	-12.01	-26.61	-8.06	-1.85	-5.56	-0.01	-0.04	-0.04	-0.04	-0.04	-0.04 -0.04 -0.04 -0.04	-0.04 -0.04 -0.04 -0.04	-0.04 -0.04 -0.04
320.0	-6.60	-2.52	-2.53	-4.47	-11.97	-27.01	-8.15	-1.86	-5.55	-0.01	-0.04	-0.04	-0.04	-0.04	-0.04 -0.04 -0.04 -0.04	-0.04 -0.04 -0.04 -0.04	-0.04 -0.04 -0.04
325.0	-6.69	-2.55	-2.55	-4.54	-12.07	-28.08	-8.40	-1.94	-5.58	-0.01	-0.05	-0.05	-0.05	-0.05	-0.05 -0.05 -0.05 -0.05	-0.05 -0.05 -0.05 -0.05	-0.05 -0.05 -0.05
330.0	-6.67	-2.51	-2.51	-4.61	-12.07	-29.73	-8.58	-1.96	-5.52	-0.01	-0.06	-0.06	-0.06	-0.06	-0.06 -0.06 -0.06 -0.06	-0.06 -0.06 -0.06 -0.06	-0.06 -0.06 -0.06
335.0	-6.68	-2.54	-2.51	-4.56	-12.04	-32.74	-8.96	-2.00	-5.52	-0.03	-0.09	-0.09	-0.09	-0.09	-0.09 -0.09 -0.09 -0.09	-0.09 -0.09 -0.09 -0.09	-0.09 -0.09 -0.09
340.0	-6.71	-2.55	-2.54	-4.61	-12.11	-38.58	-9.41	-2.52	-5.51	-0.19	-0.27	-0.27	-0.27	-0.27	-0.27 -0.27 -0.27 -0.27	-0.27 -0.27 -0.27 -0.27	-0.27 -0.27 -0.27
345.0	-6.97	-4.05	-4.07	-4.88	-12.21	-67.19	-10.19	-6.12	-7.54	-1.28	-1.37	-1.37	-1.37	-1.37	-1.37 -1.37 -1.37 -1.37	-1.37 -1.37 -1.37 -1.37	-1.37 -1.37 -1.37
350.0	-7.40	-4.95	-4.94	-5.35	-12.48	-84.06	-10.54	-7.98	-8.70	-1.99	-2.06	-2.06	-2.06	-2.06	-2.06 -2.06 -2.06 -2.06	-2.06 -2.06 -2.06 -2.06	-2.06 -2.06 -2.06
360.0	-7.53	-5.07	-5.09	-5.46	-12.61	-41.43	-8.60	-8.86	-8.98	-2.21	-2.24	-2.29	-2.29	-2.29	-2.29 -2.29 -2.29 -2.29	-2.29 -2.29 -2.29 -2.29	-2.29 -2.29 -2.29
370.0	-7.60	-5.01	-5.03	-5.56	-12.71	-25.29	-7.96	-9.32	-9.00	-2.20	-2.20	-2.33	-2.33	-2.33	-2.33 -2.33 -2.33 -2.33	-2.33 -2.33 -2.33 -2.33	-2.33 -2.33 -2.33
380.0	-7.60	-4.83	-4.84	-5.55	-12.82	-18.07	-7.73	-9.59	-8.86	-2.12	-2.10	-2.24	-2.24	-2.24	-2.24 -2.24 -2.24 -2.24	-2.24 -2.24 -2.24 -2.24	-2.24 -2.24 -2.24
390.0	-7.60	-4.65	-4.66	-5.54	-12.88	-14.09	-7.70	-9.68	-8.69	-2.01	-1.98	-2.14	-2.14	-2.14	-2.14 -2.14 -2.14 -2.14	-2.14 -2.14 -2.14 -2.14	-2.14 -2.14 -2.14
400.0	-7.60	-4.44	-4.48	-5.56	-12.88	-11.48	-7.74	-9.81	-8.50	-1.91	-1.87	-2.01	-2.01	-2.01	-2.01 -2.01 -2.01 -2.01	-2.01 -2.01 -2.01 -2.01	-2.01 -2.01 -2.01
420.0	-7.62	-4.17	-4.20	-5.57	-12.97	-8.55	-7.92	-9.80	-8.22	-1.70	-1.63	-1.79	-1.79	-1.79	-1.79 -1.79 -1.79 -1.79	-1.79 -1.79 -1.79 -1.79	-1.79 -1.79 -1.79
440.0	-7.62	-3.92	-3.93	-5.55	-12.99	-6.93	-8.02	-10.09	-7.82	-1.50	-1.43	-1.59	-1.59	-1.59	-1.59 -1.59 -1.59 -1.59	-1.59 -1.59 -1.59 -1.59	-1.59 -1.59 -1.59
460.0	-7.68	-3.70	-3.71	-5.56	-13.02	-5.87	-8.08	-10.07	-7.47	-1.35	-1.28	-1.41	-1.41	-1.41	-1.41 -1.41 -1.41 -1.41	-1.41 -1.41 -1.41 -1.41	-1.41 -1.41 -1.41
480.0	-7.57	-3.58	-3.55	-5.56	-13.01	-5.22	-8.13	-9.67	-7.24	-1.21	-1.15	-1.27	-1.27	-1.27	-1.27 -1.27 -1.27 -1.27	-1.27 -1.27 -1.27 -1.27	-1.27 -1.27 -1.27
500.0	-8.21	-4.05	-3.98	-6.14	-13.59	-5.75	-8.78	-9.50	-7.55	-1.33	-1.31	-1.39	-1.39	-1.39	-1.39 -1.39 -1.39 -1.39	-1.39 -1.39 -1.39 -1.39	-1.39 -1.39 -1.39
520.0	-8.36	-4.14	-4.09	-6.29	-13.76	-5.98	-8.98	-8.16	-7.50	-1.35	-1.40	-1.44	-1.44	-1.44	-1.44 -1.44 -1.44 -1.44	-1.44 -1.44 -1.44 -1.44	-1.44 -1.44 -1.44
540.0	-8.52	-4.33	-4.32	-6.45	-13.92	-6.52	-9.24	-5.18	-7.48	-1.44	-1.50	-1.53	-1.53	-1.53	-1.53 -1.53 -1.53 -1.53	-1.53 -1.53 -1.53 -1.53	-1.53 -1.53 -1.53
560.0	-8.72	-4.60	-4.55	-6.66	-14.09	-7.09	-9.46	-4.06	-7.49	-1.51	-1.58	-1.6	-1.6	-1.6	-1.6  -1.6  -1.6  -1.6	-1.6  -1.6  -1.6  -1.6	-1.6  -1.6  -1.6
580.0	-8.93	-4.88	-4.87	-6.87	-14.31	-7.66	-9.75	-11.21	-7.74	-1.57	-1.62	-1.65	-1.65	-1.65	-1.65 -1.65 -1.65 -1.65	-1.65 -1.65 -1.65 -1.65	-1.65 -1.65 -1.65
600.0	-9.11	-5.01	-5.04	-7.03	-14.48	-8.17	-9.94	-16.80	-7.97	-1.65	-1.68	-1.69	-1.69	-1.69	-1.69 -1.69 -1.69 -1.69	-1.69 -1.69 -1.69 -1.69	-1.69 -1.69 -1.69
620.0	-9.42	-5.35	-5.36	-7.36	-14.79	-8.87	-10.25	-19.88	-8.44	-1.69	-1.72	-1.75	-1.75	-1.75	-1.75 -1.75 -1.75 -1.75	-1.75 -1.75 -1.75 -1.75	-1.75 -1.75 -1.75
640.0	-9.69	-5.65	-5.67	-7.65	-15.08	-9.45	-10.56	-23.58	-8.84	-1.75	-1.77	-1.77	-1.77	-1.77	-1.77 -1.77 -1.77 -1.77	-1.77 -1.77 -1.77 -1.77	-1.77 -1.77 -1.77
660.0	-10.02	-5.99	-5.99	-7.93	-15.41	-10.14	-10.94	-23.91	-9.31	-1.77	-1.79	-1.81	-1.81	-1.81	-1.81 -1.81 -1.81 -1.81	-1.81 -1.81 -1.81 -1.81	-1.81 -1.81 -1.81
680.0	-10.36	-6.28	-6.29	-8.30	-15.70	-10.84	-11.24	-20.91	-9.70	-1.83	-1.84	-1.84	-1.84	-1.84	-1.84 -1.84 -1.84 -1.84	-1.84 -1.84 -1.84 -1.84	-1.84 -1.84 -1.84
700.0	-10.74	-6.68	-6.67	-8.72	-16.11	-11.52	-11.70	-17.81	-10.18	-1.86	-1.87	-1.87	-1.87	-1.87	-1.87 -1.87 -1.87 -1.87	-1.87 -1.87 -1.87 -1.87	-1.87 -1.87 -1.87
720.0	-11.12	-7.09	-7.09	-9.07	-16.52	-12.35	-12.16	-16.02	-10.71	-1.91	-1.92	-1.92	-1.92	-1.92	-1.92 -1.92 -1.92 -1.92	-1.92 -1.92 -1.92 -1.92	-1.92 -1.92 -1.92
740.0	-11.59	-7.55	-7.52	-9.56	-17.04	-13.25	-12.58	-14.68	-11.27	-1.94	-1.94	-1.94	-1.94	-1.94	-1.94 -1.94 -1.94 -1.94	-1.94 -1.94 -1.94 -1.94	-1.94 -1.94 -1.94
760.0	-12.10	-8.02	-8.01	-10.05	-17.50	-14.07	-13.12	-13.89	-11.84	-1.98	-1.98	-1.98	-1.98	-1.98	-1.98 -1.98 -1.98 -1.98	-1.98 -1.98 -1.98 -1.98	-1.98 -1.98 -1.98
780.0	-12.60	-8.56	-8.52	-10.57	-17.97	-15.07	-13.67	-13.58	-12.50	-2.02	-2.01	-2.02	-2.02	-2.02	-2.02 -2.02 -2.02 -2.02	-2.02 -2.02 -2.02 -2.02	-2.02 -2.02 -2.02
800.0	-13.17	-9.09	-9.14	-11.13	-18.58	-16.10	-14.27	-13.28	-13.09	-2.07	-2.06	-2.07	-2.07	-2.07	-2.07 -2.07 -2.07 -2.07	-2.07 -2.07 -2.07 -2.07	-2.07 -2.07 -2.07
820.0	-13.73	-9.67	-9.68	-11.68	-19.09	-17.24	-14.86	-13.17	-13.79	-2.11	-2.09	-2.11	-2.11	-2.11	-2.11 -2.11 -2.11 -2.11	-2.11 -2.11 -2.11 -2.11	-2.11 -2.11 -2.11
840.0	-14.41	-10.33	-10.36	-12.39	-19.81	-18.33	-15.56	-13.38	-14.49	-2.15	-2.14	-2.15	-2.15	-2.15	-2.15 -2.15 -2.15 -2.15	-2.15 -2.15 -2.15 -2.15	-2.15 -2.15 -2.15
860.0	-15.07	-10.97	-10.99	-13.07	-20.55	-19.54	-16.27	-13.49	-15.28	-2.20	-2.18	-2.2	-2.2	-2.2	-2.2  -2.2  -2.2  -2.2	-2.2  -2.2  -2.2  -2.2	-2.2  -2.2  -2.2
880.0	-15.81	-11.67	-11.71	-13.73	-21.22	-20.85	-16.91	-13.86	-16.04	-2.25	-2.22	-2.25	-2.25	-2.25	-2.25 -2.25 -2.25 -2.25	-2.25 -2.25 -2.25 -2.25	-2.25 -2.25 -2.25
900.0	-16.59	-12.46	-12.43	-14.51	-22.01	-22.24	-17.73	-14.44	-16.88	-2.29	-2.27	-2.29	-2.29	-2.29	-2.29 -2.29 -2.29 -2.29	-2.29 -2.29 -2.29 -2.29	-2.29 -2.29 -2.29
920.0	-17.40	-13.27	-13.26	-15.38	-22.83	-23.70	-18.55	-14.69	-17.76	-2.34	-2.32	-2.34	-2.34	-2.34	-2.34 -2.34 -2.34 -2.34	-2.34 -2.34 -2.34 -2.34	-2.34 -2.34 -2.34
940.0	-18.22	-14.06	-14.11	-16.24	-23.68	-25.22	-19.45	-15.56	-18.65	-2.39	-2.37	-2.39	-2.39	-2.39	-2.39 -2.39 -2.39 -2.39	-2.39 -2.39 -2.39 -2.39	-2.39 -2.39 -2.39
960.0	-19.14	-14.96	-14.92	-17.10	-24.52	-26.83	-20.40	-16.20	-19.56	-2.45	-2.42	-2.45	-2.45	-2.45	-2.45 -2.45 -2.45 -2.45	-2.45 -2.45 -2.45 -2.45	-2.45 -2.45 -2.45
980.0	-20.10	-15.91	-15.87	-18.04	-25.44	-28.53	-21.39	-16.87	-20.54	-2.50	-2.47	-2.5	-2.5	-2.5	-2.5  -2.5  -2.5  -2.5	-2.5  -2.5  -2.5  -2.5	-2.5  -2.5  -2.5
1000.0	-21.06	-16.87	-16.86	-19.01	-26.40	-30.32	-22.39	-17.69	-21.56	-2.55	-2.52	-2.55	-2.55	-2.55	-2.55 -2.55 -2.55 -2.55	-2.55 -2.55 -2.55 -2.55	-2.55 -2.55 -2.55
