#Mass value    Hgg width   HZZ width   Htot width 
115   0.000270375   2.69448e-05   0.00309
116   0.000277764   3.13472e-05   0.00316
117   0.000284563   3.6176e-05   0.00323
118   0.000291942   4.2037e-05   0.00331
119   0.000298998   4.8477e-05   0.00339
120   0.000306588   5.568e-05   0.00348
121   0.000313803   6.3903e-05   0.00357
122   0.000322   7.3232e-05   0.00368
123   0.000329351   8.338e-05   0.00379
124   0.000337433   9.4622e-05   0.00391
125   0.00034542   0.000107464   0.00404
126   0.00035321   0.000121638   0.00418
127   0.000361555   0.000137261   0.00433
128   0.00037035   0.0001548   0.0045
129   0.000378612   0.000174096   0.00468
130   0.00038796   0.000195688   0.00488
131   0.000396511   0.00021887   0.00509
132   0.000405384   0.00024472   0.00532
133   0.000414408   0.00027293   0.00557
134   0.000424125   0.0003042   0.00585
135   0.000433575   0.00033825   0.00615
136   0.000443232   0.00037584   0.00648
137   0.000452808   0.000416556   0.00684
138   0.000461997   0.000460551   0.00723
139   0.000471856   0.000508624   0.00766
140   0.000482702   0.00056166   0.00814
141   0.000492754   0.00061919   0.00866
142   0.000502656   0.000681912   0.00924
143   0.00051428   0.000750651   0.00989
144   0.0005247   0.00082468   0.0106
145   0.00053466   0.00090516   0.0114
146   0.00054612   0.00099384   0.0123
147   0.00055727   0.00108794   0.0133
148   0.0005713   0.00119625   0.0145
149   0.00058144   0.00130824   0.0158
150   0.00059339   0.00143071   0.0173
151   0.0006023   0.0015599   0.019
152   0.00061612   0.00170699   0.0211
153   0.00063012   0.00186912   0.0236
154   0.00064106   0.00204022   0.0266
155   0.00065448   0.00222705   0.0303
156   0.000665   0.0024255   0.035
157   0.00067732   0.00264733   0.0413
158   0.00068774   0.00289152   0.0502
159   0.00070152   0.00315368   0.0632
160   0.00070965   0.0034445   0.083
161   0.000731688   0.00383035   0.11236
162   0.00073353   0.0041454   0.147
163   0.000737801   0.00451312   0.18125
164   0.00075465   0.0049665   0.215
165   0.000761097   0.00543399   0.245813
166   0.0007755   0.005995   0.275
167   0.000789072   0.0066176   0.303125
168   0.0008052   0.007326   0.33
169   0.000816474   0.00809144   0.355375
170   0.0008284   0.008968   0.38
171   0.000842632   0.00999677   0.404625
172   0.000858   0.0111969   0.429
173   0.000872712   0.0125753   0.453062
174   0.00088722   0.0142146   0.477
175   0.000900323   0.0161626   0.500875
176   0.0009135   0.018585   0.525
177   0.000927968   0.0215747   0.5495
178   0.000943   0.02553   0.575
179   0.000957258   0.0306924   0.601812
180   0.00097174   0.0379862   0.631
181   0.00098622   0.0487884   0.663562
182   0.001001   0.063   0.7
183   0.00101642   0.0817774   0.74225
184   0.00103097   0.103097   0.787
185   0.00104533   0.124337   0.831688
186   0.00105996   0.145416   0.876
187   0.00107701   0.164939   0.918562
188   0.0010944   0.18336   0.96
189   0.0011084   0.200738   1.00025
190   0.0011232   0.21736   1.04
191   0.00114352   0.233753   1.08
192   0.0011648   0.24976   1.12
193   0.00118197   0.265423   1.16
194   0.0011988   0.2808   1.2
195   0.00121915   0.296199   1.24063
196   0.00123904   0.31104   1.28
197   0.00125393   0.324476   1.315
198   0.001269   0.3375   1.35
199   0.00128882   0.350991   1.38938
200   0.00130988   0.36465   1.43
201   0.00132989   0.378525   1.47
202   0.00134994   0.3926   1.51
203   0.00137003   0.406905   1.54937
204   0.00139125   0.42135   1.59
205   0.0014156   0.435932   1.635
206   0.00143976   0.45024   1.68
207   0.00145985   0.46354   1.72
208   0.00148016   0.47696   1.76
209   0.00150514   0.491975   1.805
210   0.00152995   0.5069   1.85
211   0.00154956   0.519868   1.89
212   0.00156909   0.53268   1.93
213   0.00159257   0.546729   1.97375
214   0.00161802   0.56156   2.02
215   0.00164539   0.57753   2.07
216   0.00167268   0.5936   2.12
217   0.00169709   0.608365   2.165
218   0.00172159   0.62322   2.21
219   0.00174924   0.639721   2.26
220   0.00177639   0.65604   2.31
221   0.00179893   0.670145   2.355
222   0.0018216   0.684   2.4
223   0.00184865   0.699118   2.44875
224   0.0018775   0.715   2.5
225   0.00190715   0.732007   2.555
226   0.00193662   0.74907   2.61
227   0.00196424   0.76475   2.66
228   0.00199185   0.78048   2.71
229   0.00202059   0.797522   2.76437
230   0.00205014   0.81498   2.82
231   0.00208132   0.832312   2.875
232   0.00211253   0.8497   2.93
233   0.00214129   0.866961   2.98438
234   0.00217056   0.88464   3.04
235   0.00220371   0.90365   3.1
236   0.00223728   0.92272   3.16
237   0.00226774   0.940205   3.21437
238   0.00229881   0.95811   3.27
239   0.00233406   0.978847   3.33438
240   0.0023698   0.9996   3.4
241   0.00240319   1.01742   3.46062
242   0.00243584   1.03488   3.52
243   0.00246776   1.0539   3.57938
244   0.00250068   1.0738   3.64
245   0.00253684   1.09469   3.70375
246   0.00257491   1.11592   3.77
247   0.00261504   1.13664   3.84
248   0.00265489   1.15736   3.91
249   0.00269108   1.17859   3.975
250   0.002727   1.19988   4.04
251   0.00276535   1.22048   4.10938
252   0.00280478   1.24146   4.18
253   0.00284537   1.26438   4.25
254   0.00288576   1.28736   4.32
255   0.00292332   1.30803   4.38938
256   0.00296144   1.32908   4.46
257   0.00300346   1.35351   4.53437
258   0.00304721   1.37839   4.61
259   0.0030921   1.40082   4.685
260   0.00313684   1.42324   4.76
261   0.0031786   1.4479   4.83437
262   0.00322096   1.473   4.91
263   0.00326773   1.49681   4.98937
264   0.00331578   1.521   5.07
265   0.00336295   1.54758   5.15
266   0.00340996   1.57423   5.23
267   0.00345681   1.59831   5.31
268   0.0035035   1.62239   5.39
269   0.00354928   1.64902   5.46937
270   0.0035964   1.6761   5.55
271   0.00364826   1.70193   5.63437
272   0.00370084   1.72744   5.72
273   0.00374963   1.75256   5.80437
274   0.00379905   1.77878   5.89
275   0.00385333   1.80876   5.97938
276   0.00390908   1.83921   6.07
277   0.00396396   1.86648   6.16
278   0.00401875   1.89375   6.25
279   0.00407305   1.92419   6.34
280   0.00412806   1.95472   6.43
281   0.00418503   1.9823   6.51938
282   0.00424362   2.00944   6.61
283   0.00430421   2.03771   6.70437
284   0.0043656   2.0672   6.8
285   0.00442619   2.09934   6.89438
286   0.00448758   2.13195   6.99
287   0.00455138   2.1627   7.08938
288   0.00461598   2.19295   7.19
289   0.00468005   2.22335   7.2899
290   0.00474438   2.25395   7.39
291   0.00480961   2.28553   7.49074
292   0.00487566   2.31775   7.59206
293   0.00494263   2.35052   7.694
294   0.0050106   2.38376   7.79663
295   0.0050797   2.4174   7.9
296   0.0051504   2.45085   8.00408
297   0.00522235   2.48461   8.10904
298   0.00529556   2.51871   8.21496
299   0.00537004   2.55317   8.32192
300   0.00544578   2.58801   8.43
301   0.00552266   2.62374   8.53992
302   0.00560084   2.65979   8.65096
303   0.00568034   2.69607   8.76304
304   0.00576121   2.73248   8.87608
305   0.0058435   2.76892   8.99
306   0.00592699   2.80401   9.10344
307   0.00601207   2.83919   9.21792
308   0.00609885   2.8747   9.33368
309   0.00618743   2.91074   9.45096
310   0.00627792   2.94756   9.57
311   0.00637181   2.98771   9.69456
312   0.00646745   3.02856   9.82048
313   0.00656462   3.06976   9.94712
314   0.00666308   3.11096   10.0738
315   0.0067626   3.1518   10.2
316   0.00686161   3.18949   10.3214
317   0.00696159   3.22664   10.4419
318   0.00706264   3.26347   10.5617
319   0.00716487   3.30025   10.681
320   0.0072684   3.3372   10.8
321   0.00737146   3.3753   10.9168
322   0.00747647   3.41396   11.0344
323   0.007584   3.45324   11.1536
324   0.00769465   3.49324   11.2752
325   0.007809   3.534   11.4
326   0.00793096   3.5761   11.5352
327   0.00805703   3.61891   11.6736
328   0.008187   3.66237   11.8144
329   0.00832069   3.70642   11.9568
330   0.0084579   3.751   12.1
331   0.00859738   3.79665   12.24
332   0.00874028   3.84265   12.38
333   0.0088867   3.88881   12.52
334   0.00903671   3.93493   12.66
335   0.0091904   3.9808   12.8
336   0.00934661   4.02496   12.94
337   0.00950696   4.06872   13.08
338   0.00967186   4.11216   13.22
339   0.00984172   4.15539   13.36
340   0.010017   4.1985   13.5
341   0.0101962   4.2408   13.6304
342   0.0103822   4.28344   13.7632
343   0.010576   4.32671   13.9008
344   0.0107785   4.37088   14.0456
345   0.0109908   4.4162   14.2
346   0.011223   4.46413   14.38
347   0.0114649   4.51322   14.571
348   0.0117153   4.56337   14.772
349   0.0119728   4.61446   14.982
350   0.012236   4.6664   15.2
351   0.0124916   4.7198   15.4196
352   0.0127486   4.77407   15.6448
353   0.0130069   4.82908   15.8752
354   0.0132659   4.88475   16.1104
355   0.0135255   4.94097   16.35
356   0.0137853   4.99765   16.5936
357   0.0140449   5.05469   16.8408
358   0.014304   5.11202   17.0912
359   0.0145622   5.16955   17.3444
360   0.0148192   5.2272   17.6
361   0.0150677   5.28282   17.8494
362   0.0153147   5.33858   18.1008
363   0.0155604   5.39454   18.3544
364   0.0158047   5.45076   18.6104
365   0.0160479   5.50732   18.8687
366   0.01629   5.56427   19.1296
367   0.0165312   5.62168   19.393
368   0.0167717   5.67962   19.6592
369   0.0170115   5.73817   19.9281
370   0.0172508   5.7974   20.2
371   0.0174951   5.85948   20.4798
372   0.0177389   5.92227   20.7624
373   0.0179822   5.98573   21.0476
374   0.0182247   6.04981   21.3352
375   0.0184664   6.11447   21.625
376   0.0187071   6.17966   21.9168
377   0.0189468   6.24534   22.2104
378   0.0191852   6.31147   22.5056
379   0.0194224   6.378   22.8022
380   0.0196581   6.4449   23.1
381   0.0198919   6.5112   23.3955
382   0.0201242   6.57785   23.692
383   0.020355   6.64485   23.9895
384   0.0205842   6.71223   24.288
385   0.0208118   6.78   24.5875
386   0.0210377   6.84818   24.888
387   0.021262   6.91678   25.1895
388   0.0214845   6.98583   25.492
389   0.0217051   7.05533   25.7955
390   0.021924   7.1253   26.1
391   0.0221391   7.19597   26.4047
392   0.0223523   7.26715   26.7104
393   0.0225638   7.33884   27.0172
394   0.0227736   7.41103   27.3252
395   0.0229819   7.48373   27.6344
396   0.0231886   7.55694   27.9448
397   0.0233939   7.63066   28.2565
398   0.0235979   7.70488   28.5696
399   0.0238007   7.77959   28.8841
400   0.0240024   7.8548   29.2
401   0.0242086   7.93011   29.52
402   0.0244144   8.00585   29.8418
403   0.0246197   8.08201   30.1653
404   0.0248245   8.1586   30.4904
405   0.0250287   8.2356   30.8172
406   0.0252323   8.31303   31.1456
407   0.0254353   8.39089   31.4756
408   0.0256376   8.46916   31.8072
409   0.0258392   8.54786   32.1403
410   0.0260401   8.62698   32.475
411   0.0262402   8.70653   32.8112
412   0.0264395   8.7865   33.1488
413   0.026638   8.8669   33.4879
414   0.0268357   8.94772   33.8284
415   0.0270325   9.02897   34.1703
416   0.0272283   9.11065   34.5136
417   0.0274232   9.19276   34.8582
418   0.0276171   9.27531   35.2042
419   0.0278101   9.35829   35.5515
420   0.028002   9.4417   35.9
421   0.0281915   9.52554   36.2481
422   0.0283799   9.60983   36.5975
423   0.0285672   9.69457   36.9481
424   0.0287535   9.77976   37.3
425   0.0289388   9.86541   37.6531
426   0.029123   9.95152   38.0075
427   0.0293061   10.0381   38.3631
428   0.0294882   10.1251   38.72
429   0.0296693   10.2126   39.0781
430   0.0298493   10.3006   39.4375
431   0.0300282   10.389   39.7981
432   0.0302061   10.4779   40.16
433   0.030383   10.5673   40.5231
434   0.0305588   10.6571   40.8875
435   0.0307336   10.7474   41.2531
436   0.0309073   10.8382   41.62
437   0.0310801   10.9294   41.9881
438   0.0312518   11.0211   42.3575
439   0.0314226   11.1133   42.7281
440   0.0315923   11.206   43.1
441   0.0317608   11.2989   43.4723
442   0.0319284   11.3923   43.8458
443   0.0320949   11.4862   44.2207
444   0.0322606   11.5805   44.5968
445   0.0324254   11.6754   44.9742
446   0.0325892   11.7707   45.3529
447   0.0327522   11.8665   45.733
448   0.0329142   11.9628   46.1144
449   0.0330755   12.0596   46.4971
450   0.0332359   12.1569   46.8813
451   0.0333955   12.2547   47.2667
452   0.0335542   12.353   47.6536
453   0.0337122   12.4517   48.0419
454   0.0338695   12.551   48.4316
455   0.034026   12.6508   48.8227
456   0.0341817   12.7511   49.2152
457   0.0343368   12.8518   49.6092
458   0.0344912   12.9531   50.0046
459   0.0346449   13.0549   50.4016
460   0.034798   13.1572   50.8
461   0.0349519   13.2594   51.2007
462   0.0351052   13.362   51.603
463   0.0352579   13.4652   52.0067
464   0.03541   13.5688   52.412
465   0.0355615   13.673   52.8187
466   0.0357124   13.7778   53.227
467   0.0358627   13.8831   53.6367
468   0.0360124   13.9889   54.048
469   0.0361615   14.0953   54.4607
470   0.0363101   14.2023   54.875
471   0.0364581   14.3099   55.2908
472   0.0366055   14.4181   55.708
473   0.0367524   14.5269   56.1268
474   0.0368986   14.6364   56.547
475   0.0370444   14.7464   56.9688
476   0.0371896   14.8572   57.392
477   0.0373342   14.9686   57.8167
478   0.0374783   15.0807   58.243
479   0.0376219   15.1934   58.6707
480   0.0377649   15.3069   59.1
481   0.0379084   15.4231   59.5308
482   0.0380514   15.54   59.963
483   0.0381939   15.6576   60.3968
484   0.0383358   15.7759   60.832
485   0.0384773   15.8949   61.2688
486   0.0386181   16.0146   61.707
487   0.0387584   16.1349   62.1467
488   0.0388982   16.2559   62.588
489   0.0390374   16.3774   63.0307
490   0.039176   16.4995   63.475
491   0.039314   16.6222   63.9207
492   0.0394514   16.7455   64.368
493   0.0395882   16.8692   64.8167
494   0.0397244   16.9935   65.267
495   0.03986   17.1182   65.7188
496   0.0399949   17.2434   66.172
497   0.0401292   17.369   66.6268
498   0.0402628   17.4949   67.083
499   0.0403957   17.6213   67.5408
500   0.040528   17.748   68
501   0.0406579   17.8714   68.4599
502   0.0407872   17.9951   68.9214
503   0.0409158   18.119   69.3843
504   0.0410437   18.2434   69.8488
505   0.041171   18.3681   70.3148
506   0.0412976   18.4932   70.7824
507   0.0414237   18.6188   71.2516
508   0.0415491   18.7448   71.7224
509   0.0416739   18.8713   72.1948
510   0.0417982   18.9983   72.6688
511   0.0419219   19.1259   73.1444
512   0.042045   19.2541   73.6216
513   0.0421676   19.3829   74.1005
514   0.0422897   19.5124   74.5811
515   0.0424113   19.6425   75.0633
516   0.0425325   19.7734   75.5472
517   0.0426531   19.9051   76.0328
518   0.0427733   20.0375   76.5202
519   0.0428931   20.1708   77.0092
520   0.0430125   20.305   77.5
521   0.0431326   20.4442   77.9934
522   0.0432523   20.5844   78.4885
523   0.0433716   20.7254   78.9854
524   0.0434905   20.8674   79.484
525   0.043609   21.0103   79.9844
526   0.0437271   21.154   80.4865
527   0.0438448   21.2985   80.9904
528   0.0439622   21.4439   81.496
529   0.0440792   21.59   82.0034
530   0.0441958   21.7369   82.5125
531   0.044312   21.8845   83.0234
532   0.0444278   22.0328   83.536
533   0.0445432   22.1818   84.0504
534   0.0446583   22.3313   84.5665
535   0.044773   22.4816   85.0844
536   0.0448873   22.6323   85.604
537   0.0450013   22.7836   86.1254
538   0.0451148   22.9355   86.6485
539   0.0452281   23.0878   87.1734
540   0.0453409   23.2405   87.7
541   0.045455   23.3904   88.23
542   0.0455687   23.5407   88.7618
543   0.045682   23.6914   89.2953
544   0.0457948   23.8424   89.8304
545   0.0459072   23.9939   90.3672
546   0.0460192   24.1458   90.9056
547   0.0461306   24.2981   91.4456
548   0.0462416   24.4509   91.9872
549   0.046352   24.6042   92.5303
550   0.0464619   24.758   93.075
551   0.0465712   24.9122   93.6212
552   0.0466799   25.067   94.1688
553   0.0467879   25.2223   94.7179
554   0.0468953   25.3782   95.2684
555   0.0470021   25.5346   95.8203
556   0.0471082   25.6917   96.3736
557   0.0472136   25.8493   96.9282
558   0.0473182   26.0076   97.4842
559   0.0474221   26.1666   98.0415
560   0.0475252   26.3262   98.6
561   0.0476207   26.4869   99.149
562   0.0477155   26.6484   99.6993
563   0.0478096   26.8107   100.251
564   0.0479032   26.9738   100.805
565   0.0479964   27.1376   101.36
566   0.0480892   27.3023   101.917
567   0.0481817   27.4677   102.477
568   0.0482739   27.6341   103.038
569   0.048366   27.8013   103.602
570   0.048458   27.9693   104.169
571   0.04855   28.1382   104.738
572   0.0486421   28.3081   105.31
573   0.0487343   28.4788   105.884
574   0.0488267   28.6504   106.462
575   0.0489195   28.823   107.043
576   0.0490126   28.9965   107.627
577   0.0491061   29.1709   108.215
578   0.0492001   29.3463   108.806
579   0.0492947   29.5227   109.401
580   0.04939   29.7   110
581   0.0495074   29.8857   110.641
582   0.0496252   30.0723   111.286
583   0.0497431   30.2596   111.934
584   0.0498609   30.4476   112.585
585   0.0499784   30.6361   113.237
586   0.0500953   30.825   113.892
587   0.0502114   31.0142   114.548
588   0.0503264   31.2036   115.205
589   0.0504401   31.3932   115.863
590   0.0505522   31.5827   116.52
591   0.0506625   31.7722   117.177
592   0.0507709   31.9615   117.833
593   0.0508769   32.1504   118.488
594   0.0509805   32.339   119.141
595   0.0510814   32.527   119.793
596   0.0511793   32.7145   120.441
597   0.0512741   32.9012   121.086
598   0.0513654   33.0871   121.728
599   0.0514531   33.272   122.366
600   0.051537    33.456   123
650   0.0556      44.       158
700   0.0591      56.7      199.
750   0.0622      71.9      248.
800   0.065       89.9      304.
850   0.0675      111.      371.
900   0.0697      137.      449.
950   0.0717      166.      540.
1000  0.0736      201.      647.